0.342674
0.0295399
0.0319459
0.0366764
0.031557
0.0358853
0.0328558
0.0313836
0.0357925
0.0318267
0.0320319
0.035917
0.0320116
0.0359394
0.0319496
0.0319183
0.0362756
0.0319936
0.0319269
0.0358424
0.031801
0.0362201
0.0318002
0.0319578
0.0360196
0.0317595
0.032136
0.03596
0.0320239
0.0357373
0.0319243
0.0319865
0.0362139
0.0319931
0.0322995
0.035971
0.0319022
0.0356446
0.0319553
0.0319354
0.0360378
0.0317329
0.0321539
0.0360286
0.0320984
0.0359396
0.0316681
0.0321562
0.0360218
0.0322665
0.0313723
0.0361066
0.0318552
0.0359515
0.0324144
0.0315656
0.0367
0.0315571
0.0319402
0.0359846
0.0324324
0.0353607
0.0320775
0.0323521
0.0358045
0.0321147
0.0315942
0.0358272
0.0319011
0.0361234
0.0318587
0.0321375
0.0359219
0.0319198
0.0321202
0.0359737
0.0321977
0.0357884
0.0316008
0.032084
0.0358699
0.0321513
0.0319213
0.0361176
0.0318841
0.0364524
0.0313134
0.032164
0.0356777
0.0320698
0.0329411
0.0353493
0.0321708
0.0355066
0.032079
0.0324344
0.035762
0.032132
0.0355925
0.0319393
0.0318477
0.0357425
0.0321266
0.0320596
0.0357805
0.0322703
0.0362962
0.0312571
0.0329642
0.0352943
0.0320742
0.0318768
0.0356609
0.0323635
0.0354404
0.0322884
0.0320753
0.0356494
0.032062
0.0319659
0.0358671
0.032091
0.0358243
0.0319609
0.031979
0.0365866
0.0317116
0.0317876
0.0359705
0.0323404
0.0356776
0.0320155
0.0319434
0.0359071
0.0322433
0.0321655
0.0353899
0.0321028
0.0359146
0.0319627
0.0322031
0.0357302
0.0322487
0.0315484
0.0364888
0.0314738
0.0361246
0.0320977
0.0319325
0.0356682
0.03269
0.0313264
0.0359394
0.0319987
0.0361109
0.0318258
0.0322165
0.0362714
0.031391
0.0322992
0.0359151
0.0319912
0.035748
0.0321685
0.0317427
0.0360038
0.031987
0.0324361
0.035658
0.0320228
0.0357636
0.0319809
0.0320613
0.0359312
0.0320744
0.0317594
0.0359262
0.0323955
0.0360364
0.0317626
0.0319702
0.035824
0.0324057
0.0319706
0.0360093
0.0317794
0.0360972
0.031721
0.03223
0.0358093
0.031961
0.032166
0.0357218
0.0323001
0.0358639
0.0319011
0.031806
0.0357328
0.0319902
0.0317154
0.0359747
0.0320464
0.0361855
0.0319659
0.03219
0.0358515
0.0319353
0.0315889
0.0361891
0.0325146
0.0359537
0.031464
0.0317471
0.0360189
0.0321548
0.0320614
0.0360748
0.0318982
0.0357938
0.0318419
0.0326497
0.0354647
0.0320495
0.0319127
0.0359815
0.0320241
0.0361988
0.0316042
0.0320239
0.0359401
0.0324666
0.0314752
0.036006
0.0319461
0.0361161
0.0318353
0.0319638
0.0362203
0.0317661
0.032125
0.035969
0.0319062
0.0358781
0.0324316
0.0316293
0.0359844
0.0322699
0.0320128
0.0357813
0.0317935
0.0361827
0.0318113
0.032102
0.0357364
0.0321328
0.0317642
0.0360077
0.0325508
0.035212
0.0320246
0.0319733
0.0359044
0.031938
0.0320025
0.0359201
0.0320248
0.0361279
0.0318848
0.0319951
0.0360102
0.0318019
0.0320623
0.0358931
0.0319615
0.0359522
0.0320486
0.0319292
0.035784
0.0320185
0.0320281
0.0361559
0.0316669
0.0362489
0.0316866
0.0323781
0.0357942
0.0317407
0.0319506
0.0361767
0.0319342
0.0360988
0.0320156
0.0318783
0.0355902
0.0323841
0.0317657
0.0359518
0.0320334
0.0359851
0.031798
0.0323962
0.0358736
0.0317172
0.032177
0.0361516
0.0317846
0.0360438
0.0320217
0.0315465
0.0363791
0.031517
0.0321652
0.0360149
0.032385
0.0355197
0.031752
0.0321809
0.0359935
0.0319901
0.031904
0.0360424
0.0319872
0.0359496
0.0317014
0.0319129
0.0363118
0.0322454
0.031865
0.0360056
0.0320603
0.035701
0.0318528
0.0319854
0.0360945
0.0320846
0.0319312
0.0363614
0.031535
0.0358645
0.0321607
0.031981
0.0360863
0.0316352
0.0322192
0.0355955
0.032124
0.0359948
0.0322354
0.0319096
0.0357396
0.0319645
0.0321287
0.0358995
0.0320712
0.0359493
0.0318687
0.0320814
0.0360273
0.031756
0.0320336
0.0360621
0.0314929
0.0359277
0.0320906
0.0324348
0.0358008
0.0316618
0.0319678
0.0360692
0.0321896
0.0357877
0.0323713
0.0317861
0.0357884
0.0318546
0.0317547
0.0361744
0.0322115
0.036224
0.0319614
0.0318896
0.0357986
0.0317353
0.0320196
0.0356862
0.0319985
0.0362583
0.0319647
0.0319137
0.0359517
0.0320692
0.0321392
0.0357116
0.0322792
0.0357864
0.0321425
0.0316101
0.0362325
0.0317977
0.0317096
0.0363273
0.0322061
0.0358263
0.0323852
0.0316728
0.0359505
0.0319906
0.0317484
0.0359041
0.0319449
0.035882
0.0320231
0.0319559
0.0360803
0.0316967
0.0322041
0.035759
0.0320918
0.0361629
0.0317472
0.0318581
0.0363057
0.0315945
0.0320903
0.0362477
0.0317022
0.0359489
0.0318697
0.0322784
0.0360684
0.0323541
0.0316654
0.035688
0.0324793
0.035641
0.0319223
0.032102
0.035454
0.0319494
0.0320044
0.0361293
0.0320127
0.03575
0.0324537
0.0317231
0.0358589
0.0320106
0.0358747
0.0317569
0.0320891
0.0359865
0.0318284
0.0319839
0.0365057
0.0322876
0.0358539
0.0313219
0.0322239
0.0359374
0.0317802
0.0322444
0.0362066
0.0317574
0.0359994
0.0315828
0.0320071
0.0361896
0.0319123
0.0319556
0.0359916
0.0317904
0.0360941
0.0319983
0.0319932
0.0359452
0.0322316
0.0314654
0.0359249
0.0324327
0.0360929
0.0318161
0.031853
0.0367067
0.0345558
0.0293953
0.035664
0.0321572
0.0357511
0.0313769
0.0321273
0.0362218
0.031953
0.0320278
0.0355424
0.0320576
0.0366503
0.0313087
0.0318137
0.0360181
0.0318139
0.0320542
0.0364356
0.0317544
0.0358964
0.032075
0.0318848
0.0359119
0.031899
0.0317007
0.03608
0.0319165
0.0359792
0.0322582
0.0317789
0.0359992
0.0318813
0.0320152
0.0362522
0.0323944
0.0352777
0.0321689
0.0320918
0.0357911
0.031997
0.0318388
0.0357839
0.0321379
0.0359901
0.0325156
0.0318787
0.035826
0.0320884
0.0314058
0.0360053
0.0322948
0.0357965
0.0317648
0.0319909
0.0361026
0.0321792
0.0317796
0.0361196
0.0317786
0.0359971
0.0319994
0.0317577
0.0359196
0.0319733
0.0319876
0.0360223
0.0321913
0.0357878
0.031834
0.0319924
0.0359529
0.0321759
0.0320324
0.0361856
0.0322714
0.0354859
0.0318894
0.0317484
0.0363394
0.0320474
0.0317547
0.0362712
0.0318273
0.0357004
0.0321663
0.0321416
0.0358146
0.0319574
0.0319337
0.0358619
0.0319965
0.0361004
0.0323452
0.0321172
0.0358447
0.0314295
0.0318903
0.0359803
0.0319931
0.0358449
0.0321919
0.0319499
0.0359781
0.0319763
0.0318183
0.0360226
0.0321336
0.0360656
0.0319247
0.031942
0.0359953
0.0318318
0.0322638
0.0357511
0.0320325
0.0357465
0.0323223
0.0318773
0.0359688
0.0316784
0.032362
0.0358413
0.0320913
0.0356713
0.0321762
0.0318098
0.0357409
0.0322867
0.0317959
0.0362438
0.0317984
0.0359515
0.0319508
0.0321231
0.0355458
0.031982
0.0326116
0.0357488
0.0320212
0.0357782
0.0319459
0.0320864
0.0357953
0.0321008
0.0318336
0.0358385
0.0320786
0.0358965
0.0318762
0.0322804
0.0359304
0.0319366
0.0319519
0.0361263
0.0319511
0.0358294
0.0319691
0.0321438
0.0358482
0.0321153
0.0316668
0.0359143
0.032048
0.0359274
0.0319275
0.0320129
0.035891
0.0322173
0.0319521
0.0358356
0.032134
0.0358737
0.031913
0.0318198
0.0366195
0.0317929
0.0315343
0.0359948
0.0320264
0.0363353
0.0317811
0.0319008
0.0358705
0.0319012
0.0321206
0.0362108
0.0315067
0.036088
0.0321138
0.0318926
0.0358781
0.0319695
0.0320001
0.0359471
0.0320156
0.0358711
0.0320443
0.0317975
0.03619
0.0317304
0.0320717
0.0360302
0.0317433
0.0361715
0.031734
0.0322045
0.0362365
0.0319653
0.0322044
0.0360583
0.031961
0.0355031
0.0318007
0.0324163
0.0357483
0.0321473
0.0317591
0.0361997
0.0320024
0.0359683
0.0322474
0.032029
0.0356072
0.0324298
0.0316718
0.0355606
0.0324021
0.035402
0.0323632
0.0320302
0.0357866
0.0318356
0.0324582
0.0359234
0.0319644
0.0356144
0.0320121
0.0318677
0.035773
0.0320695
0.0319694
0.0359258
0.0322225
0.0357732
0.0318797
0.0320445
0.035886
0.0323701
0.0320797
0.0358139
0.0321386
0.0357509
0.031982
0.0321288
0.0358265
0.0319025
0.0316833
0.036005
0.0321692
0.0357697
0.0321077
0.0316701
0.0366528
0.0312926
0.0320484
0.0361148
0.0319215
0.036143
0.0318194
0.0320615
0.0358143
0.0320428
0.0319381
0.0356974
0.0322737
0.0356987
0.0327633
0.0318512
0.0352945
0.0319648
0.0322341
0.0360373
0.0325028
0.0358402
0.0317652
0.0319172
0.0362266
0.0319338
0.0312461
0.0361455
0.0322512
0.0359388
0.0318227
0.031986
0.0357651
0.032688
0.0319642
0.0359266
0.0319241
0.0356893
0.0319376
0.0318383
0.0366189
0.0312965
0.0319913
0.0364098
0.0318873
0.0361961
0.0317309
0.0319687
0.0357194
0.0319393
0.0320327
0.0358641
0.0317632
0.0360661
0.0325878
0.0315834
0.0358883
0.0322855
0.0359078
0.0320469
0.0316339
0.0358147
0.0318978
0.0320392
0.0360028
0.0318709
0.0359587
0.0319523
0.0319444
0.0363181
0.0320039
0.0319442
0.0356032
0.0320759
0.0359984
0.0317576
0.0320589
0.0359818
0.0323083
0.0317423
0.0358479
0.0321533
0.0357048
0.0321596
0.0318929
0.0360351
0.0317827
0.0320217
0.0361145
0.0324902
0.0357219
0.0320608
0.0314675
0.0362563
0.0318618
0.0318421
0.0362337
0.0318744
0.0360589
0.0318977
0.0319224
0.0357237
0.0322448
0.0319716
0.0358861
0.0321492
0.0360708
0.0318714
0.0318341
0.036546
0.0316172
0.0324002
0.0358186
0.0314758
0.035725
0.03224
0.0319175
0.036013
0.0319382
0.0319131
0.036318
0.0319099
0.0357547
0.0323024
0.0315438
0.0362255
0.0321572
0.0317897
0.0361145
0.0319727
0.0361875
0.0317982
0.0319522
0.0355718
0.0319415
0.0321372
0.0360647
0.0318195
0.0359154
0.0320483
0.031733
0.0359775
0.032151
0.0318642
0.0362167
0.0322325
0.0357429
0.0318562
0.0324539
0.0351815
0.0320805
0.0321116
0.0359409
0.0318992
0.035824
0.0320564
0.0320843
0.0358042
0.0320698
0.032272
0.035521
0.0320019
0.0360531
0.0319503
0.0322008
0.0359371
0.0320332
0.0318965
0.0362099
0.0313854
0.0360699
0.0318354
0.0325636
0.0362135
0.03119
0.03205
0.0361275
0.0319279
0.0361109
0.0316854
0.0321197
0.0357919
0.0322798
0.0315933
0.0359461
0.0319789
0.0361531
0.0320485
0.0318913
0.036573
0.0317427
0.0317013
0.0357086
0.0322269
0.0363278
0.0315719
0.031957
0.0358027
0.032057
0.0317851
0.0367133
0.0314799
0.0360836
0.0316088
0.0322997
0.0361402
0.0319849
0.032008
0.0359622
0.0317835
0.0358641
0.0317646
0.0319667
0.0359552
0.0323669
0.0318068
0.0361015
0.0319745
0.0358105
0.0318858
0.0320064
0.0359108
0.0321487
0.0319167
0.0362855
0.0316273
0.0361336
0.0319028
0.0319417
0.03616
0.0316514
0.0321616
0.0360238
0.0316036
0.0359574
0.0321073
0.0318126
0.0359166
0.0319338
0.0321281
0.0358675
0.0319713
0.0360602
0.0318855
0.032065
0.0364607
0.0316825
0.0321045
0.0359993
0.0316575
0.0359034
0.0321603
0.0321499
0.0361487
0.0315183
0.0320746
0.0360884
0.0318879
0.0358587
0.0320753
0.0317561
0.0361223
0.031947
0.0318576
0.0361027
0.0317392
0.0360405
0.0320635
0.0321129
0.035843
0.0319559
0.0317683
0.0361339
0.0317655
0.0357889
0.032023
0.0325239
0.0356253
0.032081
0.0320705
0.0358479
0.0324327
0.0355301
0.0321563
0.0318602
0.0357329
0.0320499
0.0322295
0.0357433
0.0318815
0.0360649
0.0320588
0.03167
0.0362754
0.031652
0.032781
0.0360592
0.0320845
0.0356149
0.032201
0.0314046
0.035826
0.0319503
0.0321097
0.0360015
0.032273
0.0354105
0.0320115
0.0320524
0.0359201
0.0320843
0.0317813
0.0362079
0.0317297
0.0361071
0.0322351
0.032231
0.0357952
0.0319697
0.0320451
0.0358824
0.031989
0.0361179
0.0316485
0.0320379
0.0357468
0.0320083
0.0321035
0.0357481
0.0321168
0.0358422
0.0321723
0.0316643
0.0360313
0.0320172
0.0317428
0.0359119
0.0320575
0.0360884
0.0322174
0.0323042
0.0352546
0.0321247
0.0319447
0.0360463
0.0318142
0.0360314
0.0323649
0.0320966
0.0353056
0.0323068
0.031768
0.0360995
0.0319509
0.0359158
0.0320688
0.0319077
0.0360127
0.0317249
0.0321523
0.0359098
0.0322003
0.0358258
0.0317579
0.0321801
0.0364444
0.0314104
0.0322749
0.0360063
0.0316852
0.0356909
0.0321949
0.0319348
0.0365518
0.032096
0.0315578
0.0356937
0.031807
0.0363175
0.0317874
0.0322278
0.0358299
0.032025
0.0318203
0.0361974
0.0322814
0.0353273
0.0319984
0.0319459
0.036271
0.0320325
0.031883
0.0361245
0.0314024
0.0359643
0.0321803
0.0322902
0.036116
0.0317486
0.0320425
0.0356392
0.0322745
0.0358244
0.0320603
0.0318291
0.0360352
0.03161
0.0321666
0.0358
0.0320239
0.0358557
0.0321612
0.0320296
0.0359108
0.0317665
0.0320102
0.0360201
0.0321647
0.0359275
0.0321198
0.0314737
0.0364321
0.0318264
0.0362753
0.0313742
0.0322229
0.0358083
0.0320476
0.031968
0.0360816
0.0317988
0.0359413
0.0324469
0.0318896
0.0359278
0.0321458
0.0318714
0.0360702
0.0313721
0.0368159
0.0312808
0.0318562
0.0360004
0.0319807
0.0321498
0.0358957
0.0317879
0.0362953
0.0317259
0.032152
0.0360598
0.0317601
0.0317855
0.0363035
0.0319011
0.03611
0.0318947
0.0318598
0.036298
0.0319863
0.0315966
0.0359669
0.0323071
0.036083
0.031782
0.0318475
0.0357871
0.0321627
0.0319437
0.0357234
0.032127
0.0358934
0.0321577
0.0319202
0.0358444
0.0319797
0.0320415
0.0358348
0.0318912
0.0359983
0.0320244
0.0318142
0.0359156
0.032201
0.0320188
0.0360195
0.0319518
0.0362412
0.0317466
0.0319373
0.0356686
0.0321536
0.0320593
0.0360082
0.0319492
0.0359299
0.0325059
0.0314242
0.0360762
0.0318341
0.0319844
0.0361761
0.0322013
0.0361574
0.0311474
0.0319269
0.036075
0.03225
0.0319286
0.0356516
0.0320887
0.0360795
0.0322069
0.0321979
0.0352217
0.0321248
0.0319099
0.0361474
0.0319738
0.0362337
0.031851
0.0320209
0.0359272
0.0319485
0.0321296
0.0360275
0.0318276
0.0357282
0.0321025
0.0316241
0.0362329
0.0319818
0.0319148
0.0360056
0.0319732
0.0364842
0.0316946
0.0319313
0.0355888
0.0321758
0.0319109
0.0358801
0.0321651
0.0359049
0.0319338
0.0319765
0.0359252
0.0320308
0.0317236
0.0360716
0.0320768
0.0357974
0.0320267
0.0320389
0.0356006
0.0320582
0.0327362
0.0352999
0.0319762
0.0358692
0.0320308
0.03193
0.0363406
0.0318222
0.0319956
0.0356901
0.0321602
0.0357142
0.0321867
0.0320149
0.0359165
0.0321801
0.0319686
0.0359252
0.0317424
0.0358962
0.0321704
0.0318682
0.0360352
0.0318948
0.0322501
0.0355101
0.032134
0.0360625
0.0320359
0.0320366
0.0358327
0.0319919
0.0319563
0.035958
0.0319802
0.0359545
0.0320083
0.0319878
0.0359434
0.0318659
0.0320396
0.0358357
0.0319269
0.0361845
0.0319127
0.0320256
0.0359064
0.0318891
0.0319447
0.036526
0.0318826
0.0356595
0.0323009
0.0317486
0.0357543
0.0320997
0.0317809
0.0359616
0.0321748
0.0358245
0.0319043
0.0322097
0.0360324
0.0320883
0.0318141
0.0358401
0.0321562
0.0358491
0.0318465
0.0320272
0.0359846
0.0319311
0.0320202
0.0356565
0.032024
0.0358127
0.0324064
0.0320217
0.0357112
0.031816
0.0320408
0.0360297
0.0319665
0.0357825
0.0323515
0.0320782
0.0360582
0.0319275
0.0315396
0.0363048
0.0318099
0.0360134
0.0314505
0.0321054
0.0360336
0.0322923
0.0314681
0.0362789
0.0319678
0.0364775
0.0314995
0.0317209
0.036196
0.0319396
0.0319657
0.0360976
0.0317462
0.0359788
0.0321131
0.0323276
0.0358607
0.0317125
0.0316973
0.0363401
0.0325263
0.0357448
0.0319573
0.0313651
0.0362629
0.0317338
0.0319342
0.0363601
0.0318384
0.0359538
0.0320952
0.0320222
0.035761
0.0317102
0.0320411
0.0360328
0.0324815
0.036158
0.0316972
0.0318298
0.0361311
0.0316822
0.0316988
0.036289
0.0316778
0.0359625
0.032529
0.031738
0.0359659
0.0321531
0.0318582
0.0359813
0.0323661
0.0350053
0.0320852
0.0321206
0.0357881
0.0323698
0.0315804
0.0358506
0.0320626
0.0359363
0.0320624
0.0325246
0.0355547
0.0318961
0.031803
0.0360425
0.0319734
0.0361417
0.0317686
0.0321243
0.0361441
0.0320815
0.032119
0.0352577
0.0321046
0.0365719
0.0317476
0.0320203
0.0360835
0.0315051
0.0319777
0.035886
0.0318801
0.0363878
0.0314784
0.0319792
0.0359919
0.0318949
0.0321172
0.0361151
0.0316466
0.0360588
0.0318934
0.0321234
0.0361437
0.0318959
0.0317467
0.0361281
0.0319782
0.0360543
0.0321151
0.0317575
0.0363706
0.0319926
0.03203
0.0360071
0.0314584
0.036171
0.031698
0.0321654
0.0357774
0.0322181
0.0319287
0.0365354
0.0310884
0.0360264
0.0325534
0.0316174
0.0360224
0.0318909
0.0319144
0.0363211
0.0320263
0.0355954
0.0319857
0.0317627
0.0359308
0.032089
0.0320446
0.0358811
0.0318507
0.0362407
0.0322552
0.0316381
0.0362058
0.0322714
0.0351287
0.0323944
0.0319412
0.0355902
0.0322322
0.0322265
0.0358372
0.0321487
0.0356355
0.0318284
0.0322445
0.0357831
0.0323173
0.0320206
0.0355304
0.0321652
0.0358022
0.0319489
0.0318499
0.0361046
0.0319296
0.0318622
0.0362458
0.0318335
0.0361406
0.0319129
0.0321566
0.0355645
0.0321074
0.0358892
0.0354613
0.032105
0.036104
0.0319509
0.0317249
0.036104
0.0320092
0.0321125
0.0357584
0.0321782
0.0359183
0.0319994
0.0319
0.0358757
0.0320345
0.0323972
0.0358396
0.0321253
0.0353761
0.032045
0.0321814
0.0359648
0.0316394
0.0320329
0.0360225
0.0319297
0.0358653
0.0321225
0.0324653
0.0356766
0.0322018
0.0318617
0.0355874
0.0320623
0.0358307
0.031595
0.0320954
0.0358064
0.0320393
0.0311238
0.035776
0.0321328
0.0357585
0.0322365
0.031926
0.0356507
0.0319836
0.0316203
0.0357139
0.0320799
0.0359994
0.0320034
0.0316913
0.0360699
0.0319261
0.0320106
0.036188
0.0318759
0.0360584
0.0321239
0.0320233
0.0356569
0.0317114
0.0320606
0.0362511
0.0316878
0.0361639
0.0321132
0.0318777
0.0359534
0.0320782
0.0321619
0.0355955
0.032035
0.0359066
0.0323758
0.0318911
0.036267
0.0316668
0.0317531
0.0361335
0.0321567
0.0357312
0.0319783
0.0320349
0.0358491
0.0320497
0.0316891
0.0361463
0.0321696
0.035646
0.0322319
0.0318466
0.0356524
0.0320088
0.0320374
0.0357452
0.0325237
0.0359204
0.0319573
0.031747
0.0360332
0.0318485
0.0319866
0.0357407
0.0321274
0.0360776
0.0322328
0.0316407
0.0361171
0.0316357
0.0319922
0.0360656
0.0321158
0.0357491
0.0320632
0.0319861
0.0360106
0.0318969
0.0319887
0.0358841
0.0320854
0.0357833
0.0320747
0.0324277
0.0359858
0.0313644
0.0320996
0.0360193
0.0320584
0.0358056
0.0321305
0.0318182
0.0359706
0.0319774
0.0320315
0.036001
0.0318632
0.0357549
0.0321407
0.0320024
0.0361326
0.0318373
0.0318485
0.0362218
0.031683
0.0363029
0.0319514
0.0319382
0.0359719
0.0321033
0.031675
0.0363006
0.0319356
0.0357937
0.031823
0.0329895
0.0351792
0.032546
0.031004
0.0364423
0.0316634
0.0360132
0.0319396
0.0322147
0.0358094
0.0319675
0.0318945
0.0359182
0.0320792
0.0360434
0.0319932
0.031913
0.0358161
0.0320523
0.0319505
0.0358203
0.0323036
0.0359834
0.0318451
0.0322029
0.0355126
0.0319719
0.0323045
0.0359775
0.0318086
0.0360273
0.0318831
0.032007
0.0358344
0.0320587
0.0318897
0.0361083
0.0318312
0.0363401
0.0316068
0.0320289
0.0358002
0.0320691
0.0319659
0.0359507
0.0320274
0.0357574
0.032445
0.031817
0.0356957
0.031987
0.031999
0.0360995
0.03249
0.036015
0.0312125
0.0319079
0.036308
0.0316019
0.0322151
0.0360121
0.0320214
0.0358929
0.031991
0.0319782
0.0359433
0.032066
0.0322112
0.0362441
0.0316036
0.0365522
0.0310579
0.0320847
0.0360894
0.0317384
0.031785
0.0365369
0.0312439
0.0369321
0.0317056
0.0313476
0.0360456
0.0321061
0.0318903
0.0362087
0.0317397
0.0362433
0.0319863
0.0318862
0.0359854
0.0322119
0.031728
0.0361632
0.0318242
0.0358352
0.03182
0.0318569
0.0362008
0.0322209
0.0316566
0.0359194
0.0324809
0.0356736
0.0321877
0.0320668
0.0357023
0.0322453
0.032089
0.0356742
0.0319451
0.0359284
0.0320447
0.0320252
0.0359506
0.0315357
0.0319742
0.0358809
0.0319883
0.0359098
0.0320883
0.0319805
0.0363992
0.0319895
0.0319572
0.0358585
0.0320711
0.0356714
0.0318694
0.0319472
0.0361635
0.0321014
0.0320681
0.0354305
0.0319418
0.0362983
0.0319194
0.0319091
0.035856
0.0320772
0.0322695
0.0359638
0.0318206
0.0363609
0.0316313
0.0315942
0.0360604
0.0321207
0.0317135
0.0362103
0.0323781
0.0356262
0.0322019
0.0319779
0.0359011
0.0316804
0.0317134
0.0358614
0.0322797
0.0363344
0.0313716
0.0321311
0.0358393
0.0319666
0.0320988
0.0358852
0.0319187
0.0360582
0.0319756
0.0320647
0.0361751
0.0317215
0.0319912
0.0362377
0.0322647
0.0357153
0.0320292
0.0316178
0.0359668
0.0326705
0.0318632
0.0357853
0.031843
0.0358037
0.0319021
0.0318802
0.0363222
0.031641
0.0320827
0.0361778
0.0320973
0.035925
0.0318861
0.031868
0.0363251
0.0319775
0.0318774
0.035741
0.0318814
0.0362206
0.0316624
0.0320756
0.0364024
0.031612
0.0357537
0.032346
0.0326757
0.0353472
0.0320702
0.0320708
0.0352101
0.0320169
0.0358459
0.0320873
0.0318908
0.035933
0.0324154
0.0318958
0.0358253
0.0316783
0.0362344
0.0317195
0.0322594
0.0362437
0.0317641
0.031983
0.0358412
0.0321089
0.036077
0.0320692
0.0316129
0.0358946
0.0318006
0.0324873
0.0354888
0.0318724
0.0362419
0.0319054
0.0319653
0.0356836
0.0319528
0.032119
0.0362162
0.031954
0.0358176
0.0320937
0.0320872
0.0360354
0.0316941
0.0319987
0.0357033
0.0321657
0.0358647
0.0319751
0.0322251
0.0360032
0.032147
0.0317124
0.0359037
0.0321754
0.0357385
0.032239
0.0320639
0.0358148
0.0317741
0.0320724
0.0360359
0.0319906
0.0358787
0.0318189
0.0321192
0.0357648
0.0323606
0.0316356
0.0359334
0.0325542
0.0357984
0.0322084
0.0312129
0.036358
0.031819
0.0320083
0.0359096
0.0320724
0.0358017
0.0319017
0.0319553
0.0361124
0.0325198
0.0313996
0.0359167
0.0319982
0.0358786
0.0320728
0.0321503
0.0357363
0.031946
0.031963
0.0363193
0.0320287
0.0360647
0.031894
0.0319011
0.037833
0.0299432
0.0320111
0.0357179
0.0319678
0.0359693
0.0318721
0.0319974
0.0358393
0.032149
0.0318198
0.036105
0.032007
0.0359317
0.0320338
0.0321886
0.0357372
0.0322698
0.0317876
0.0363489
0.0313078
0.0362971
0.0317045
0.0320098
0.0359368
0.0320767
0.0321829
0.0359843
0.0318065
0.0358466
0.032175
0.0318405
0.0358349
0.0320567
0.0321229
0.0357339
0.0321462
0.036324
0.0314815
0.0322194
0.0358072
0.0318354
0.0320358
0.0363113
0.0316106
0.0360068
0.0320521
0.032316
0.0355283
0.0319395
0.0319069
0.0359791
0.031895
0.0365092
0.0315157
0.0317768
0.0360329
0.0319368
0.0320719
0.0361569
0.0319486
0.0362358
0.031654
0.0320483
0.0358391
0.0318518
0.0320181
0.0367464
0.0318122
0.0359451
0.032357
0.0315113
0.0358905
0.0315814
0.0321749
0.0361597
0.0321219
0.0357561
0.0316582
0.0320152
0.0358255
0.0321139
0.0318675
0.0360877
0.0319684
0.0360348
0.0317746
0.0324228
0.0356958
0.0319131
0.0319364
0.0359256
0.0324751
0.0358879
0.0320152
0.03201
0.0359972
0.0315505
0.0318559
0.0361156
0.0317456
0.036145
0.0318087
0.0320562
0.0358605
0.0321604
0.0318649
0.0358585
0.0319908
0.0362369
0.0321303
0.0319413
0.0362163
0.0318432
0.0318363
0.0358966
0.0317771
0.0359397
0.0325637
0.0322669
0.0356795
0.0318965
0.0318528
0.0362351
0.0314702
0.0358445
0.0321859
0.0320993
0.0359118
0.031708
0.0319783
0.0358687
0.0320009
0.0361446
0.0317426
0.0322373
0.0357144
0.0319622
0.0319135
0.0359016
0.0319871
0.0359983
0.031886
0.032023
0.0361439
0.0317667
0.0327465
0.0356803
0.031982
0.0359547
0.0317051
0.0319864
0.0359457
0.0319173
0.0318002
0.0361487
0.0317684
0.0361528
0.0318151
0.0318912
0.0362527
0.0321419
0.0318535
0.0363006
0.0318739
0.0354141
0.0323919
0.0315271
0.0361782
0.031919
0.0323012
0.0360319
0.0320005
0.0356548
0.0317403
0.0321117
0.0357736
0.0322783
0.0319213
0.0357094
0.0320835
0.0359072
0.032053
0.0319393
0.0360289
0.0320454
0.0319524
0.0365186
0.0318716
0.0359368
0.0320436
0.0314784
0.0360438
0.0319318
0.032085
0.0361704
0.0318423
0.0360022
0.0318773
0.0319265
0.0359318
0.0320367
0.0319674
0.0357069
0.0323452
0.035673
0.0318395
0.0320606
0.0360644
0.0318305
0.0324068
0.0358281
0.0321825
0.0355928
0.0319419
0.0322686
0.0358814
0.0322256
0.0318412
0.0358948
0.0320655
0.0356461
0.0318233
0.0319352
0.0359954
0.0318931
0.0319663
0.0362909
0.0320479
0.0358458
0.0320274
0.0321314
0.0359035
0.0322325
0.0318494
0.0363441
0.0310583
0.0359333
0.0320394
0.03189
0.0364252
0.0317429
0.0320088
0.035836
0.0322066
0.0359603
0.0317288
0.0321875
0.03602
0.0315888
0.0325599
0.0357342
0.0319045
0.036206
0.0318784
0.0319859
0.0359931
0.0319237
0.0320558
0.0360016
0.0319728
0.0357504
0.0322081
0.0316638
0.0360996
0.032322
0.0315325
0.0363387
0.0317694
0.0360511
0.0318919
0.0319531
0.0365836
0.0317198
0.0352246
0.0321175
0.0320127
0.0358276
0.0320236
0.0319493
0.0361875
0.0321742
0.0354444
0.032543
0.0313114
0.0359084
0.0319321
0.0321677
0.0358278
0.0319268
0.0360185
0.0322982
0.0317549
0.0363452
0.0318735
0.0323299
0.0355915
0.0319168
0.0357732
0.0320775
0.0322538
0.0354888
0.0321797
0.032137
0.0355824
0.0321304
0.0358149
0.0321761
0.0323041
0.035812
0.0320355
0.031813
0.0360537
0.0317547
0.0359422
0.0320419
0.0317747
0.0363465
0.0317884
0.0319814
0.0360688
0.0319914
0.0358396
0.0317454
0.0321887
0.0364629
0.0311668
0.0323041
0.0357097
0.0322417
0.0366036
0.0315213
0.0318789
0.036636
0.0319447
0.0316196
0.0362543
0.032351
0.0355296
0.0319112
0.0313425
0.0363694
0.0319357
0.0319669
0.0359561
0.031679
0.0358749
0.0319013
0.031987
0.036285
0.0319809
0.031758
0.035917
0.0319004
0.0361341
0.0318173
0.0320864
0.0357621
0.0320004
0.0319148
0.0360261
0.0319343
0.0364169
0.0317758
0.0319344
0.0358499
0.0318172
0.0320371
0.0361363
0.0317912
0.0361635
0.0318346
0.0322065
0.0356786
0.0322125
0.0319077
0.0358854
0.0318552
0.0362908
0.0320556
0.0320522
0.0355764
0.0318492
0.0321079
0.0360904
0.0318999
0.0359581
0.032064
0.031927
0.0357991
0.0317953
0.0322962
0.0358884
0.0321132
0.0362376
0.0317409
0.0321735
0.0356592
0.0318951
0.0319125
0.0363168
0.0319625
0.03598
0.0314264
0.0319464
0.0361453
0.0316942
0.0321747
0.0361741
0.0319461
0.0356442
0.0319922
0.0324149
0.0360976
0.0316193
0.0319199
0.0361895
0.0318482
0.035945
0.0320819
0.031221
0.0359395
0.032035
0.031589
0.0360977
0.0318354
0.0365215
0.0321507
0.0316062
0.0357609
0.0320817
0.0319795
0.035775
0.0320118
0.0360526
0.0318339
0.0330294
0.0354898
0.0312555
0.0320312
0.0359452
0.0320564
0.03582
0.0319855
0.0322071
0.035981
0.0317262
0.0320775
0.035859
0.0322304
0.0356717
0.0322081
0.0335826
0.0353698
0.0313803
0.0322582
0.0357603
0.0320173
0.0357344
0.0321614
0.0319516
0.0354945
0.0320912
0.0320476
0.035745
0.031839
0.0361905
0.0325042
0.0313049
0.0358738
0.0321528
0.0318609
0.0359041
0.0320323
0.0359379
0.0319837
0.031943
0.0367124
0.0311931
0.0321072
0.0360256
0.0318186
0.0362239
0.0318497
0.0316768
0.036101
0.0318523
0.0320148
0.0359338
0.0320027
0.0362722
0.0319942
0.0327329
0.0359703
0.0309227
0.0321248
0.0360813
0.031982
0.0359799
0.0319741
0.0317096
0.0361125
0.0318499
0.0321231
0.0357865
0.0319783
0.0361671
0.0319075
0.0318743
0.0361655
0.0320133
0.0317961
0.0359128
0.0319532
0.0359729
0.0320749
0.0319185
0.036047
0.0317236
0.03198
0.0360912
0.0318155
0.0362151
0.0317063
0.0322157
0.0357822
0.0320151
0.0320843
0.0358743
0.0320486
0.036218
0.0315686
0.031984
0.0361458
0.0321535
0.0317783
0.0359021
0.0318342
0.0361632
0.032185
0.0318256
0.0360572
0.0317994
0.0324895
0.0361208
0.0319509
0.035203
0.0318992
0.0322974
0.0357906
0.0319429
0.0321682
0.0364598
0.0319843
0.0359546
0.0313693
0.0317674
0.0359468
0.0321083
0.0320005
0.0358761
0.0319106
0.0359484
0.0321227
0.0319703
0.0368873
0.0308591
0.0321294
0.0359024
0.0319742
0.0359101
0.0323088
0.0316895
0.0364042
0.0315682
0.032134
0.0360399
0.0318328
0.0358364
0.0320632
0.0320752
0.035758
0.0319406
0.0320532
0.0359842
0.0320516
0.0358207
0.0320299
0.0321567
0.0355594
0.0321287
0.0329835
0.0349934
0.0320631
0.0365117
0.0312868
0.0320889
0.03587
0.031989
0.0326852
0.0357576
0.0320931
0.0352568
0.0320385
0.0320621
0.0357098
0.0321808
0.0319059
0.0360367
0.0319789
0.0364779
0.0321162
0.0320051
0.0359546
0.0313301
0.0319498
0.0360043
0.0319319
0.0358206
0.0320951
0.0320006
0.0360656
0.0318803
0.0320698
0.0357264
0.0320741
0.0361569
0.0322818
0.031534
0.0364229
0.0319645
0.0322668
0.0360158
0.0309364
0.0362306
0.0317971
0.0318979
0.0360938
0.0319157
0.0324868
0.0355883
0.0319933
0.035982
0.0319459
0.0317274
0.0360671
0.032011
0.0320274
0.0357647
0.0322583
0.0358751
0.0318943
0.0320362
0.0359871
0.0319725
0.0360608
0.0318539
0.0319809
0.0359424
0.0321387
0.0319538
0.0359589
0.0320643
0.0356777
0.0321134
0.0320111
0.0358964
0.0319227
0.0321355
0.0363087
0.0313794
0.0360895
0.0317641
0.032031
0.035838
0.0321756
0.0318655
0.0361239
0.0321444
0.0357269
0.0319022
0.0318576
0.0361905
0.0317477
0.0320094
0.0361392
0.0317633
0.0362312
0.0317131
0.0321405
0.0359504
0.0317303
0.0323996
0.0358754
0.031974
0.0360396
0.0322914
0.031289
0.0363772
0.0318533
0.0319703
0.0357774
0.0318877
0.0363341
0.0316232
0.032113
0.0360025
0.0320948
0.0318109
0.0359324
0.0318066
0.0363208
0.0317853
0.0319909
0.0361594
0.0320526
0.031808
0.036113
0.0319941
0.0359306
0.0315709
0.0322123
0.0360545
0.0322816
0.0316943
0.0358793
0.0319035
0.036012
0.0320195
0.0322318
0.0364625
0.0310417
0.0320798
0.0359813
0.0320361
0.0358045
0.0320113
0.0320091
0.0358534
0.0320448
0.0321796
0.035783
0.0321758
0.0357868
0.0320455
0.0327184
0.0349961
0.0320721
0.0320675
0.0357841
0.0319056
0.036079
0.0317456
0.0322551
0.0358174
0.0320437
0.031907
0.0361103
0.0320303
0.0358317
0.0318394
0.031981
0.0361164
0.0320004
0.0318934
0.0358505
0.0319002
0.0361967
0.0318295
0.0318939
0.0359817
0.0319632
0.0320151
0.0362342
0.0317222
0.0362255
0.0315896
0.0320162
0.0366884
0.0312466
0.0319904
0.0362089
0.0320357
0.0360774
0.0316365
0.0322606
0.0356647
0.0323816
0.0316578
0.0361952
0.031704
0.0359887
0.0318739
0.0320683
0.0362963
0.0317768
0.0319698
0.0363426
0.0319265
0.0357498
0.03222
0.0317733
0.0358166
0.0322056
0.0319457
0.0354905
0.0319747
0.0362533
0.0328732
0.0308716
0.0361327
0.0317573
0.0320726
0.0360093
0.031782
0.0361208
0.0321435
0.0319485
0.0358182
0.0318873
0.032102
0.0359098
0.0321547
0.035671
0.0321829
0.0318721
0.0360126
0.0319236
0.0322517
0.0356714
0.0319017
0.0363875
0.0319821
0.0321526
0.0356841
0.0319457
0.0322076
0.0356672
0.0317783
0.0361238
0.031752
0.0319884
0.0360728
0.0318231
0.0326335
0.0360553
0.0311975
0.0359296
0.0319987
0.0320612
0.0358545
0.0320723
0.0319811
0.0360727
0.031804
0.0363944
0.0316824
0.0318667
0.0359841
0.0321673
0.0322735
0.0355678
0.0321427
0.035714
0.0319946
0.0322058
0.0357106
0.0326674
0.0351405
0.0360284
0.0320268
0.0356798
0.0324085
0.0321826
0.0356705
0.0321503
0.0322843
0.0349387
0.0324609
0.0358267
0.0319017
0.0321909
0.035771
0.0324917
0.0317934
0.0357436
0.0322984
0.0356076
0.0322002
0.0318831
0.0355848
0.0325565
0.031254
0.0361277
0.0318966
0.0358359
0.0321255
0.0320272
0.0359187
0.0318961
0.0318995
0.0359107
0.0321969
0.0359984
0.0321377
0.0323786
0.0358024
0.0321176
0.0316943
0.0356426
0.0321158
0.0359106
0.0319856
0.0321317
0.0359119
0.0323509
0.0314302
0.0357432
0.0321137
0.0359088
0.0320455
0.0319801
0.0357322
0.0320338
0.0323435
0.0357536
0.0320008
0.0358834
0.032152
0.0317516
0.0361239
0.0319093
0.0319384
0.0358474
0.0320307
0.0361667
0.0318609
0.0318183
0.0361175
0.0324722
0.0318344
0.0360145
0.0317481
0.0358824
0.032057
0.0320137
0.0357809
0.0321093
0.0319202
0.0360038
0.0321046
0.0357129
0.0321069
0.0319349
0.035788
0.0324139
0.0317234
0.0360068
0.0322132
0.0354312
0.0323958
0.0316227
0.0361342
0.0322527
0.0319012
0.035957
0.0320723
0.0356983
0.0325388
0.031978
0.034937
0.0321102
0.0320154
0.0361743
0.0317196
0.0360902
0.0321996
0.032674
0.034727
0.0321248
0.0319632
0.036657
0.0319403
0.0356855
0.0321654
0.0321662
0.0356321
0.032055
0.0317873
0.0363032
0.0313055
0.0363629
0.0319316
0.031777
0.0359298
0.0318921
0.0326796
0.0363457
0.0317825
0.0357073
0.0315933
0.0318174
0.0357284
0.0322516
0.0318842
0.0358075
0.0320866
0.0359339
0.0321239
0.0318173
0.0366421
0.0313473
0.0320912
0.0358036
0.0320214
0.0360683
0.0320038
0.0335176
0.0343908
0.0322133
0.0319259
0.0356959
0.0322779
0.035657
0.0322245
0.0321087
0.0358061
0.0321844
0.03574
0.0327752
0.0321133
0.0354502
0.0321256
0.0321479
0.0357368
0.0313931
0.0366481
0.0311855
0.0321704
0.0354633
0.0321759
0.0319286
0.0359162
0.0319612
0.0360951
0.031937
0.0319688
0.0363963
0.0315612
0.0319316
0.0359742
0.0320957
0.0358777
0.0319698
0.0328283
0.0348554
0.0321655
0.0325729
0.0351405
0.0321486
0.0360081
0.0326219
0.0318862
0.0351412
0.0321094
0.0320196
0.0358459
0.0322384
0.0359542
0.0323144
0.0316716
0.0370905
0.0316707
0.0317236
0.0358938
0.0321563
0.0358077
0.0314314
0.0319086
0.0360996
0.032222
0.0315379
0.0361613
0.0318843
0.0359281
0.0319497
0.031893
0.0359846
0.0320317
0.0318565
0.0359766
0.0320795
0.0361319
0.0322568
0.0317665
0.0362585
0.032022
0.0319611
0.0353601
0.032121
0.0358617
0.0320667
0.0324097
0.0357167
0.031987
0.0321316
0.0357425
0.0322124
0.0357548
0.0319955
0.0322972
0.0360513
0.031326
0.0319857
0.0357929
0.0320846
0.0356668
0.032294
0.0332048
0.0360363
0.0319627
0.0310604
0.0354167
0.0322794
0.0355832
0.0323921
0.0324612
0.0352644
0.0318899
0.0318632
0.036009
0.032492
0.0357253
0.0321431
0.0319395
0.0362361
0.0313274
0.03195
0.0361181
0.0319444
0.0360712
0.0319796
0.0318491
0.0361742
0.0319457
0.0317951
0.0361684
0.0316871
0.0362739
0.0317736
0.0319676
0.0360116
0.032031
0.0318896
0.0358233
0.031975
0.0362761
0.0318016
0.0323168
0.0359697
0.0314576
0.0329797
0.0359404
0.0319354
0.0349472
0.0321306
0.0320945
0.0359277
0.0320047
0.0321804
0.0358825
0.0316508
0.0360984
0.0323541
0.0318563
0.0360822
0.0317249
0.0317826
0.0359993
0.0320244
0.0359278
0.0322423
0.0318364
0.0365665
0.0314973
0.0317293
0.0358801
0.032496
0.0354447
0.0321733
0.0320733
0.0355527
0.0321576
0.0322785
0.0355481
0.0321173
0.0358084
0.0323545
0.0319225
0.0357553
0.0320386
0.0318375
0.0358101
0.0321168
0.0359405
0.0319466
0.0322501
0.0355262
0.0321105
0.0320144
0.0357801
0.032021
0.0361102
0.0319837
0.0320101
0.036244
0.0322413
0.03221
0.0356729
0.0313223
0.0360065
0.0320228
0.031889
0.0359334
0.0320477
0.0319171
0.0359093
0.0322074
0.0361933
0.0317625
0.0317381
0.0362732
0.0321653
0.0317599
0.035897
0.0320027
0.0360664
0.0319391
0.0323017
0.0355626
0.0317037
0.0320512
0.0359275
0.0320209
0.0360274
0.0318705
0.0319413
0.0363261
0.032103
0.0322467
0.0354165
0.0319922
0.0360046
0.0320242
0.0320069
0.035898
0.0321613
0.0318907
0.0359238
0.0320367
0.0356068
0.0322415
0.0318687
0.0363127
0.0318493
0.0323534
0.0353766
0.0325949
0.0357033
0.0322911
0.0311599
0.0360462
0.0318522
0.0323079
0.0359225
0.0325295
0.0349685
0.0320564
0.0319499
0.035829
0.0329283
0.0316142
0.0359977
0.0321056
0.0358546
0.0319184
0.0323722
0.0353673
0.0321038
0.0320972
0.035748
0.0319817
0.0358311
0.0322436
0.0319042
0.0355877
0.0322827
0.0319724
0.0357384
0.0322975
0.0358965
0.0320127
0.0318992
0.0358545
0.0322471
0.0313961
0.0359226
0.0320755
0.0364493
0.0318031
0.0318294
0.0358152
0.0321163
0.0320563
0.0357874
0.0321579
0.0357911
0.0320309
0.0323274
0.0360901
0.032148
0.0321939
0.0348632
0.0319759
0.0362883
0.0317585
0.0320636
0.0359091
0.0319043
0.0320787
0.0358677
0.0322632
0.0357896
0.0321757
0.0320426
0.0357325
0.0319638
0.031937
0.0365953
0.0315627
0.0357258
0.0320484
0.0320187
0.0357732
0.0318827
0.032154
0.036024
0.0319842
0.0355928
0.0321443
0.0320134
0.0359107
0.0321584
0.0320133
0.0359726
0.0321389
0.035714
0.0320804
0.031994
0.0358124
0.0322117
0.0319285
0.0358946
0.0320608
0.0360676
0.0318549
0.0319358
0.0360006
0.0321935
0.0318427
0.036161
0.0323307
0.0348043
0.0321086
0.0320738
0.0359612
0.0324412
0.031767
0.0360622
0.0320609
0.035654
0.0321188
0.0324163
0.0351714
0.032533
0.0320428
0.0356027
0.0321581
0.0356125
0.0319392
0.0320164
0.0355456
0.0328836
0.03122
0.035877
0.0319864
0.036089
0.0320063
0.03178
0.0360314
0.0321223
0.0318327
0.0360938
0.0319915
0.035861
0.03203
0.0320212
0.0359694
0.032153
0.0364952
0.0321276
0.0310561
0.0358796
0.0320704
0.0320015
0.0357419
0.0320619
0.0359855
0.032412
0.0320916
0.0359471
0.0319454
0.032058
0.0355868
0.0320679
0.0360216
0.031512
0.0321379
0.0358353
0.0319421
0.0326189
0.0362401
0.0316889
0.0350556
0.0322763
0.0318318
0.0358246
0.0321239
0.0319472
0.0360931
0.0318694
0.0362215
0.0320137
0.0318843
0.0355906
0.0321465
0.0319554
0.0360614
0.0319214
0.0361525
0.0318351
0.0319415
0.0361711
0.0320204
0.0324915
0.0358266
0.0322167
0.0357758
0.0321781
0.0310888
0.0361153
0.0319757
0.03197
0.0360808
0.032112
0.0356175
0.0321159
0.0320196
0.0359436
0.0318789
0.0319665
0.0358544
0.0318762
0.0361452
0.0319617
0.0318941
0.0360637
0.0320655
0.0318222
0.0360285
0.0319984
0.0359857
0.0318518
0.0321397
0.0358195
0.0320944
0.0320441
0.0356772
0.0322095
0.0363712
0.0315774
0.0327151
0.0357126
0.0312827
0.0320171
0.0356189
0.0323801
0.0357658
0.0321738
0.0318291
0.036141
0.0318815
0.031867
0.0361533
0.0319106
0.0358297
0.03212
0.0318328
0.0358027
0.0320873
0.032063
0.0362427
0.0319726
0.0362384
0.0317928
0.032066
0.035372
0.0320241
0.0319527
0.0361227
0.03173
0.0359825
0.0322191
0.0319324
0.0363335
0.0319691
0.0320138
0.0357866
0.0318564
0.0360092
0.0319246
0.0321015
0.0362879
0.0321999
0.0310537
0.0357932
0.0321446
0.036004
0.0319902
0.0318502
0.0359763
0.0322617
0.0317539
0.0360157
0.0323416
0.0362156
0.0320232
0.0318666
0.0355968
0.0320475
0.0319334
0.0358632
0.0321245
0.0356232
0.032196
0.0318413
0.0358747
0.0323883
0.0321153
0.0357009
0.033068
0.0350214
0.0322791
0.0312051
0.0357736
0.0321182
0.0321801
0.0357009
0.0322823
0.0356759
0.0320578
0.0322896
0.0357729
0.0320889
0.0326336
0.0347066
0.0324975
0.0356871
0.0320078
0.0319857
0.0367202
0.0320537
0.0319247
0.0357262
0.0322661
0.0358344
0.032185
0.0311603
0.0358537
0.0319161
0.0319434
0.0367633
0.0320161
0.0360736
0.0319918
0.031913
0.0358228
0.032009
0.0324052
0.0354678
0.0323054
0.0353135
0.0319799
0.0320007
0.0358011
0.0322198
0.0318759
0.0356818
0.0319209
0.0359846
0.0323217
0.0316537
0.0356717
0.0321571
0.0320023
0.0359673
0.0326639
0.0363174
0.0316565
0.0320452
0.0357922
0.0323421
0.030976
0.0359265
0.0322406
0.0359155
0.0322455
0.0320136
0.035621
0.0321206
0.0320841
0.0355673
0.0320033
0.0359383
0.0320674
0.0317856
0.0360199
0.0320456
0.0318339
0.0358659
0.032253
0.0357359
0.0321125
0.0320435
0.0360987
0.0318369
0.0319129
0.0358866
0.0320895
0.0356711
0.0321328
0.0321126
0.0357677
0.0327224
0.0313265
0.0358648
0.0319287
0.0357982
0.0321627
0.0324337
0.0359177
0.0323422
0.0312196
0.0357993
0.0320627
0.0359103
0.0323742
0.0317536
0.0358341
0.0319529
0.0320473
0.0358052
0.0321274
0.0359202
0.0319728
0.0319295
0.0359061
0.0320353
0.0321759
0.036063
0.0318972
0.0365003
0.0316891
0.0319568
0.0363212
0.0317851
0.0318226
0.0363557
0.0312509
0.0357935
0.0322974
0.0318279
0.0359419
0.0321108
0.0319985
0.0357782
0.0321479
0.036548
0.031222
0.0319115
0.036032
0.0319945
0.0326627
0.0361046
0.0311886
0.0360452
0.0320256
0.03186
0.0360727
0.031984
0.0319195
0.0360116
0.0318567
0.0357877
0.0321236
0.0319648
0.0358272
0.0322312
0.0320515
0.0360453
0.0321669
0.0356817
0.0323084
0.0320835
0.0353871
0.0322655
0.0317889
0.0356188
0.0322206
0.0356791
0.0321838
0.0319959
0.0357703
0.0322397
0.032121
0.0355473
0.0320114
0.0359475
0.0321073
0.0322091
0.0357133
0.0325686
0.0315928
0.0356858
0.0322987
0.0355842
0.0321373
0.0321207
0.035616
0.032259
0.0321549
0.0357417
0.0319329
0.0362077
0.0320324
0.0318457
0.0357865
0.0321365
0.031992
0.0359846
0.0318515
0.0359602
0.0325342
0.0321029
0.0356308
0.0314324
0.0319294
0.0359142
0.031936
0.0359351
0.0321333
0.0318776
0.0361445
0.0319426
0.0357936
0.0326156
0.0319263
0.0359989
0.0319424
0.031906
0.0362051
0.0318389
0.0353467
0.0321486
0.0320143
0.0359293
0.0319716
0.0324586
0.035307
0.0319398
0.0457204
0.0246398
0.0299997
0.0356774
0.0319986
0.0320437
0.036113
0.032028
0.0358382
0.0320749
0.0318658
0.0357237
0.0324108
0.0316564
0.0356341
0.0323073
0.0356198
0.0321228
0.0321195
0.0358163
0.0320527
0.0320355
0.0358715
0.0321199
0.0358259
0.0321019
0.0320222
0.0357276
0.0319614
0.0320275
0.035819
0.0321083
0.0360554
0.0318802
0.0320076
0.0359813
0.0319032
0.0320276
0.0359928
0.0320352
0.0358393
0.0320536
0.032133
0.036061
0.0322165
0.0320594
0.0350658
0.0330567
0.0351616
0.0318327
0.0327176
0.0352459
0.032047
0.0319773
0.0358988
0.0320602
0.0359162
0.0328407
0.0316746
0.0356099
0.0319382
0.0320897
0.0364445
0.0312499
0.0358719
0.032216
0.0318215
0.0360939
0.0319861
0.031961
0.0362604
0.0317138
0.0360785
0.031855
0.0318971
0.0363004
0.0316473
0.0319223
0.0360538
0.0320846
0.0358324
0.0320456
0.0321249
0.0357711
0.0319769
0.0318866
0.0359269
0.0321752
0.0358128
0.0322373
0.0318036
0.0359811
0.0320126
0.0319585
0.0365564
0.0313645
0.0354464
0.0322435
0.0322261
0.0358465
0.0321198
0.0323431
0.0360968
0.0312254
0.0356885
0.0322174
0.0319234
0.0357182
0.0322873
0.0320803
0.0356215
0.0323362
0.0355485
0.0322322
0.03197
0.0360669
0.0321134
0.0317694
0.0358021
0.0324565
0.0358377
0.032159
0.0319431
0.0358952
0.0321828
0.032948
0.0342223
0.0328751
0.0358781
0.0312483
0.0318916
0.035906
0.0321646
0.0267631
0.0361399
0.0320062
0.0357299
0.0322449
0.0316794
0.0358211
0.0319718
0.0324109
0.0356886
0.0321569
0.0357428
0.0318654
0.0322705
0.0356066
0.0320068
0.032373
0.0357194
0.03182
0.0359794
0.0319297
0.0321684
0.0360046
0.0317695
0.0320223
0.0367288
0.0319434
0.0362566
0.031943
0.0310771
0.0359719
0.0319372
0.0321552
0.0358009
0.0320043
0.0361111
0.0317239
0.0321088
0.0358006
0.0320555
0.0319047
0.0361746
0.0319543
0.0359333
0.031865
0.0318941
0.0362128
0.0317728
0.0322096
0.0360004
0.032064
0.0357961
0.031865
0.0319154
0.0359167
0.0319491
0.0319696
0.0358237
0.0322399
0.0357151
0.0321734
0.0319501
0.035769
0.032281
0.0318349
0.036043
0.032022
0.0357347
0.031993
0.0320934
0.0359956
0.032777
0.0318246
0.0359546
0.0314701
0.0358872
0.0318991
0.0320181
0.0357141
0.0321339
0.032039
0.0359939
0.0319549
0.0363683
0.031325
0.0319462
0.0360229
0.0321839
0.0317065
0.0362526
0.0321679
0.0360507
0.0316031
0.0320405
0.0361583
0.0318296
0.0318914
0.0361876
0.0326353
0.0350065
0.0320318
0.0320128
0.0360073
0.0319005
0.0316999
0.0360993
0.0319952
0.0360603
0.0320271
0.0325652
0.0352914
0.0319216
0.0322218
0.0358676
0.0318468
0.0363999
0.0320986
0.0320375
0.0361842
0.0317489
0.0314263
0.0359169
0.0320001
0.0357342
0.032145
0.0320523
0.0357931
0.0319511
0.0322493
0.0356303
0.0320275
0.0360807
0.0319204
0.0327195
0.035188
0.0320557
0.0318571
0.0361204
0.0319174
0.0358892
0.0320483
0.0319296
0.036011
0.0318877
0.0321477
0.0357496
0.0327345
0.0359017
0.0317733
0.0321095
0.0352007
0.0322385
0.0317275
0.0360677
0.0318792
0.0363487
0.0317917
0.0320693
0.0363182
0.0313894
0.0320471
0.0357747
0.0319334
0.0456401
0.0320896
0.0312059
0.0360979
0.0320598
0.0318595
0.0358718
0.0321313
0.0358337
0.0320797
0.0319637
0.0446669
0.0372612
0.0376826
0.0375902
0.0375901
0.037356
0.0375629
0.0377153
0.037173
0.0371113
0.0369209
0.0462243
0.0462697
0.0460145
0.0463738
0.0478089
0.0484764
0.0479218
0.0462932
0.045935
0.0547341
0.0550857
0.0550598
0.0548157
0.0547883
0.0550017
0.0548201
0.0639726
0.063993
0.0638552
0.0640011
0.0638471
0.0639967
0.0650329
0.0637959
0.0640253
0.0643449
0.0642896
0.0641446
0.0638612
0.0638578
0.0638717
0.0641693
0.0644231
0.0641152
0.0642276
0.0645685
0.064324
0.06439
0.0647146
0.0641782
0.0636397
0.0643512
0.0643895
0.0644212
0.0638201
0.0638749
0.063845
0.0635967
0.0643761
0.06422
0.0671153
0.0646461
0.064724
0.0645165
0.064554
0.0647409
0.0646206
0.0645441
0.0649383
0.0643039
0.0644259
0.0647643
0.0643749
0.0646296
0.0644978
0.0644217
0.0644597
0.0643872
0.064968
0.064566
0.0648511
0.0645608
0.0650433
0.0645615
0.0648179
0.0645638
0.0647712
0.0649769
0.0645124
0.065037
0.0645804
0.0643721
0.0643748
0.0643357
0.064666
0.064722
0.0644219
0.064413
0.0643435
0.0649879
0.0649983
0.0648134
0.064956
0.064752
0.0648775
0.064244
0.0641756
0.0673039
0.0667315
0.0667662
0.0667645
0.066556
0.0665204
0.0665598
0.0665735
0.064653
0.06367
0.0637919
0.0638687
0.0641168
0.0644173
0.0644133
0.06419
0.0641848
0.0642067
0.0638881
0.063625
0.0638897
0.0638955
0.064013
0.0638401
0.0639369
0.0640543
0.0643879
0.0643841
0.0671592
0.0669123
0.0667892
0.0667189
0.0666709
0.0672745
0.0665652
0.0665797
0.0667524
0.0666198
0.0644451
0.064688
0.0646074
0.0645806
0.0645484
0.0649054
0.0648805
0.0688612
0.0689754
0.0689893
0.0689516
0.0691817
0.0690636
0.0727854
0.0730346
0.0728119
0.0730699
0.0731178
0.0760817
0.0773862
0.0773519
0.0770866
0.0761558
0.0805693
0.0804778
0.0806824
0.0811448
0.0813805
0.0847164
0.0887907
0.0889021
0.0850862
0.0851268
0.0856791
0.0856473
0.0854519
0.0856855
0.0849117
0.0849417
0.0850446
0.0851923
0.0853924
0.0846804
0.0844354
0.0844822
0.0852222
0.0849544
0.0850232
0.0849108
0.0847372
0.0853369
0.0856514
0.0860329
0.0859867
0.0852324
0.0851959
0.085305
0.0853575
0.0852898
0.0859764
0.0853351
0.0854086
0.0851709
0.0844666
0.0847879
0.0890908
0.0887701
0.0889623
0.0885766
0.0887011
0.0885631
0.0889754
0.0844447
0.0845071
0.0846337
0.0848266
0.0847586
0.084329
0.0845004
0.0844237
0.0844107
0.0845601
0.0844639
0.0845642
0.0847814
0.085464
0.0853724
0.0853424
0.0852402
0.0852914
0.085144
0.0854007
0.085253
0.0849818
0.0861798
0.0854195
0.0891502
0.0888409
0.0887363
0.0890569
0.0848197
0.0848492
0.0852926
0.0853779
0.0887
0.0886489
0.0885237
0.0901306
0.090248
0.0939414
0.094217
0.0933328
0.093685
0.102543
0.101836
0.115199
0.112169
0.101125
0.10117
0.101189
0.101309
0.105412
0.105016
0.106345
0.106038
0.106489
0.104785
0.105147
0.10507
0.105138
0.105263
0.105478
0.110453
0.110908
0.105221
0.105189
0.105156
0.105174
0.105191
0.105079
0.105227
0.105171
0.105238
0.105028
0.105059
0.105321
0.105297
0.10527
0.105356
0.105194
0.104941
0.104811
0.105124
0.105129
0.105252
0.105109
0.10525
0.105159
0.105224
0.105177
0.10559
0.105644
0.105679
0.105891
0.105741
0.109458
0.109413
0.10929
0.111634
0.113996
0.114459
0.114159
0.118925
0.117107
0.117202
0.117174
0.125696
0.120924
0.121355
0.124579
0.12429
0.124905
0.124747
0.12468
0.124791
0.124605
0.128986
0.1288
0.129501
0.129176
0.12851
0.128717
0.126428
0.125965
0.125951
0.126473
0.126683
0.12635
0.126184
0.123996
0.124166
0.123987
0.123969
0.12416
0.12419
0.123934
0.124532
0.124505
0.1246
0.12469
0.12434
0.124215
0.124308
0.125391
0.125385
0.125101
0.125341
0.125543
0.125217
0.125121
0.125847
0.125417
0.125975
0.128924
0.129122
0.129152
0.133183
0.132978
0.133421
0.131945
0.135471
0.140148
0.140213
0.14429
0.143961
0.143698
0.148407
0.142354
0.142206
0.142437
0.142214
0.14211
0.142242
0.14758
0.147435
0.147817
0.144397
0.145446
0.145282
0.144522
0.144573
0.144229
0.144852
0.143981
0.142699
0.142371
0.143035
0.1424
0.142135
0.143232
0.143795
0.144022
0.144665
0.145028
0.147677
0.146235
0.146112
0.149511
0.149076
0.150826
0.151762
0.154193
0.154999
0.154207
0.156245
0.157037
0.156961
0.165943
0.16573
0.165566
0.166122
0.166016
0.166302
0.166266
0.166188
0.167012
0.166776
0.167486
0.16629
0.165368
0.16369
0.163919
0.163831
0.163521
0.163531
0.162935
0.163141
0.160157
0.160239
0.161001
0.160778
0.161144
0.160233
0.159805
0.160092
0.161686
0.162
0.16222
0.161958
0.162132
0.162079
0.161903
0.161889
0.0195621
0.0196932
0.0193851
0.0192474
0.0193353
0.0196087
0.0195635
0.0278708
0.0317771
0.036167
0.0315655
0.0321514
0.0358459
0.0322854
0.0316261
0.0359188
0.032141
0.0358615
0.0321289
0.0317102
0.0361391
0.0316651
0.0322863
0.0359101
0.0318181
0.0362279
0.0319176
0.0321244
0.0363925
0.0317984
0.0317919
0.0359287
0.0322036
0.0355045
0.0321413
0.0319791
0.0358954
0.0318457
0.0321294
0.0358179
0.0322824
0.0360302
0.0316236
0.0317101
0.0364474
0.0314555
0.0322716
0.0356837
0.0326191
0.0362276
0.0320793
0.0315055
0.0361849
0.0317186
0.0316892
0.0361028
0.0319992
0.0358024
0.0321433
0.0318275
0.0363127
0.0316266
0.0320135
0.0357973
0.0325432
0.0358656
0.0320418
0.0319676
0.035797
0.0315768
0.0320906
0.0360304
0.0321939
0.035716
0.032039
0.0319098
0.0360587
0.0317282
0.0320378
0.035768
0.032495
0.0355251
0.0321301
0.0319016
0.0359143
0.032206
0.0319259
0.0361659
0.0319102
0.0357639
0.0320385
0.0321718
0.0357937
0.0321359
0.0314742
0.0361901
0.0320299
0.036062
0.0318179
0.0320244
0.0356703
0.0325543
0.0318551
0.0360658
0.0314895
0.0359408
0.0320002
0.0320607
0.0358776
0.0319497
0.0320504
0.0358327
0.0320011
0.036006
0.0319371
0.0318932
0.0362328
0.031724
0.0319047
0.0360092
0.0319549
0.0364486
0.0319896
0.0317461
0.0366482
0.0314429
0.0315345
0.0361152
0.0322901
0.0356366
0.0320872
0.0320207
0.0359114
0.0320216
0.0318106
0.0360223
0.0322663
0.0359495
0.0318892
0.0318782
0.0359368
0.0318878
0.0321781
0.0356992
0.0321443
0.03601
0.0319845
0.0316583
0.036749
0.0317053
0.0318119
0.0358586
0.032314
0.0356396
0.0319654
0.0320883
0.0358952
0.03194
0.0318649
0.0359085
0.0318464
0.0361865
0.03178
0.0320277
0.035866
0.0322097
0.0319438
0.0358233
0.0321429
0.035984
0.0319205
0.0320183
0.0358553
0.0321187
0.0319398
0.035679
0.0322402
0.0358736
0.0325339
0.0317368
0.0356598
0.0320422
0.0320842
0.0358929
0.0318539
0.0361903
0.0318188
0.0319248
0.0360806
0.0319701
0.0320165
0.0358858
0.0320526
0.0355953
0.0319779
0.0320162
0.0359398
0.0322174
0.0317514
0.0360337
0.0318989
0.0361138
0.0318128
0.0321419
0.036151
0.0316797
0.0319431
0.0362406
0.0318521
0.0358964
0.0323184
0.0321984
0.0357906
0.0320424
0.0320972
0.0356636
0.0317845
0.0360521
0.0320968
0.0317676
0.0356929
0.0322236
0.0356715
0.031983
0.0321053
0.0358392
0.032017
0.0319925
0.0361403
0.0318131
0.0359515
0.0319469
0.0320458
0.0358031
0.032239
0.0317601
0.0366534
0.0316768
0.0360719
0.0318006
0.0318229
0.036027
0.0319044
0.0319961
0.0360686
0.032146
0.0357661
0.0319843
0.0322894
0.035725
0.0323873
0.0318109
0.0357319
0.0322554
0.0355394
0.0319608
0.0322013
0.035602
0.0324401
0.0322677
0.035739
0.031628
0.0355331
0.0321368
0.0320027
0.0358199
0.0321149
0.0316318
0.0361123
0.0319605
0.0359047
0.0320659
0.0321065
0.0357481
