0.0160547
0.00833699
0.00783183
0.014746
0.0105165
0.00810784
0.0153218
0.00937063
0.00941944
0.00793477
0.0152938
0.0100394
0.0166655
0.0095116
0.00854221
0.0108303
0.0169854
0.00832018
0.0138495
0.00950344
0.00800114
0.0138062
0.0080595
0.00808329
0.00980549
0.0139214
0.00842433
0.00834792
0.013555
0.00844504
0.0079882
0.0136436
0.00866802
0.00797553
0.00802932
0.0137654
0.00844929
0.00811459
0.0135656
0.00852843
0.0079515
0.00807778
0.0142478
0.0080228
0.0137281
0.00856336
0.00836021
0.00827949
0.0135334
0.00856134
0.00798308
0.0136201
0.008711
0.00796185
0.013874
0.00893029
0.00843808
0.00817209
0.0138347
0.00856877
0.00798675
0.0136446
0.00831169
0.00789015
0.0137065
0.00807991
0.00812651
0.00812976
0.0140819
0.00818496
0.00872215
0.0136322
0.0086833
0.00797798
0.00833891
0.0138327
0.00812963
0.00818426
0.013496
0.00822213
0.00796619
0.00893218
0.0145772
0.00797429
0.00851917
0.0183698
0.0080018
0.00839456
0.0143273
0.00799301
0.00812484
0.0135618
0.00801466
0.00798207
0.00796762
0.0137411
0.0079409
0.00809284
0.0152673
0.00793973
0.00822622
0.0135347
0.00803551
0.00813457
0.00794602
0.0139584
0.00796039
0.00802202
0.0135942
0.00803269
0.00796621
0.0137293
0.00808074
0.00787481
0.0080182
0.0148614
0.00790813
0.00830329
0.0135383
0.00809025
0.00818967
0.00796121
0.0141024
0.0079601
0.00844908
0.00795351
0.0139061
0.00795432
0.00795473
0.0137747
0.00792597
0.00798483
0.0143666
0.00799898
0.00813301
0.0139327
0.00802699
0.0079261
0.0135618
0.00840503
0.0079766
0.0081462
0.0135472
0.00830599
0.00797894
0.00799812
0.0137001
0.00808961
0.008003
0.0141698
0.0079268
0.00839577
0.0138827
0.00819072
0.00834761
0.00817571
0.0143179
0.00819494
0.00830574
0.0143033
0.00815577
0.00894467
0.00805279
0.0140357
0.00829116
0.00813588
0.0142535
0.00890002
0.00866262
0.0148987
0.0083671
0.00855989
0.0140327
0.0083908
0.00820064
0.00837721
0.0140065
0.00943426
0.00806149
0.0160073
0.00811807
0.00808812
0.0145449
0.00905209
0.00822481
0.0191617
0.0088645
0.00787789
0.0136857
0.00808757
0.00797115
0.0137416
0.00790594
0.00824775
0.00794345
0.014169
0.00801761
0.00797175
0.0137517
0.00791353
0.00796136
0.00809205
0.0140445
0.00882535
0.00821845
0.0142816
0.00820697
0.0083343
0.0142311
0.0082133
0.00840559
0.014137
0.00821721
0.00829357
0.00807515
0.0140261
0.00877201
0.00876999
0.0143191
0.00819705
0.00838077
0.0143479
0.00809619
0.0104501
0.0139979
0.00800635
0.00814469
0.00808837
0.014037
0.00814344
0.00827042
0.0140958
0.00837415
0.00827594
0.0141477
0.00816462
0.00823048
0.00800562
0.0138559
0.00803826
0.00816125
0.0142244
0.00868212
0.00860496
0.0143043
0.0082638
0.00872592
0.0084351
0.0144419
0.00886286
0.00867082
0.0144811
0.00892971
0.00823078
0.0141123
0.00820379
0.00831231
0.0141862
0.00818274
0.00852428
0.0140583
0.00789646
0.00814623
0.00811842
0.0140115
0.00811184
0.00834148
0.0140368
0.0081708
0.00839451
0.0081184
0.0139712
0.00840922
0.00808111
0.0138414
0.00799348
0.00805948
0.00803672
0.0138423
0.00843544
0.00807015
0.0081806
0.013895
0.00827415
0.0141048
0.00808723
0.00822423
0.00825051
0.0139375
0.0085906
0.00793806
0.0138312
0.00888508
0.00842351
0.0142949
0.00806729
0.00832967
0.00823774
0.0142674
0.00839236
0.00816445
0.0139201
0.00848976
0.00830556
0.0138317
0.00846573
0.00833191
0.00843941
0.013561
0.00838884
0.00793597
0.0137801
0.00938746
0.00798236
0.0138388
0.00837143
0.00809988
0.007985
0.0134972
0.00877712
0.00818634
0.013822
0.00919074
0.00929887
0.0140226
0.00874034
0.00882634
0.00822304
0.0138519
0.00998602
0.00817259
0.0139606
0.0105369
0.00890851
0.013719
0.0102613
0.00909539
0.0141557
0.0082243
0.0081718
0.0138728
0.00825763
0.00794767
0.0082867
0.014727
0.008209
0.00837966
0.0140616
0.00836988
0.00806724
0.0142213
0.00823835
0.00817549
0.0138811
0.00846765
0.00789857
0.00799412
0.0137421
0.00814589
0.00799278
0.0138354
0.00821482
0.00803405
0.00824303
0.0147997
0.00842735
0.00819939
0.014038
0.00836362
0.00809204
0.0145179
0.00856124
0.00801043
0.0139148
0.00916355
0.00808405
0.00850116
0.00835489
0.014506
0.00855083
0.00801395
0.0145805
0.00807954
0.0145701
0.0183119
0.0153313
0.0185013
0.0144192
0.0177534
0.0143009
0.0184608
0.00861941
0.025763
0.0138263
0.0171888
0.00827851
0.0218253
0.00835003
0.0180282
0.0114717
0.0155677
0.0150863
0.0082803
0.0219048
0.00817065
0.0172092
0.0112764
0.0081561
0.0225472
0.0108932
0.0247207
0.0116582
0.0277515
0.0207979
0.0136173
0.0143134
0.00955138
0.00841524
0.0140877
0.0084114
0.00818956
0.00839076
0.0142651
0.00812288
0.0106284
0.0160351
0.00896394
0.0142024
0.00850786
0.00918549
0.00889464
0.0156605
0.00874001
0.0084766
0.0206415
0.00827219
0.00922466
0.0140259
0.008892
0.0082496
0.0140672
0.00814486
0.00841791
0.0143866
0.00831297
0.0102361
0.0150358
0.0081582
0.0092303
0.0156359
0.00813596
0.00921514
0.0139644
0.00824599
0.00834843
0.0140105
0.00942361
0.00814491
0.008318
0.0137958
0.00807039
0.00811072
0.0190481
0.00816314
0.00820024
0.0139112
0.00882688
0.00823089
0.0139368
0.00793882
0.00902611
0.00818167
0.0139673
0.00982417
0.00815399
0.0142987
0.0080696
0.00824895
0.0143987
0.00870401
0.0085052
0.0140463
0.00815563
0.00806556
0.0145218
0.00792887
0.00909431
0.00790068
0.0135671
0.00800481
0.00797922
0.00849242
0.0135363
0.00825882
0.00795436
0.0139107
0.00812241
0.00933572
0.0136008
0.0083026
0.0101215
0.0139632
0.00799026
0.0100076
0.0136248
0.00822499
0.0080601
0.00822518
0.00802339
0.0148409
0.00787898
0.0136159
0.00836497
0.00797725
0.00858364
0.0138247
0.00817448
0.00802967
0.0138592
0.00814065
0.00892142
0.0142855
0.00826029
0.00821154
0.00831673
0.0140238
0.00818179
0.00798398
0.0139961
0.0105568
0.00808769
0.0139845
0.00924826
0.00814793
0.0143572
0.00822708
0.00832166
0.0139139
0.00797238
0.00810543
0.00788324
0.0135726
0.0106277
0.00801412
0.0135904
0.00805514
0.00805444
0.0135957
0.00802822
0.00837864
0.00796154
0.0138885
0.0119221
0.00805945
0.0136786
0.00846617
0.00789824
0.0135938
0.00814377
0.00811227
0.00848455
0.0145692
0.0110628
0.00790164
0.0135616
0.00815449
0.00791015
0.0135831
0.00789786
0.00794142
0.00794979
0.013688
0.00803737
0.00801875
0.0137876
0.0078481
0.00801671
0.00791184
0.0136686
0.00803152
0.00792578
0.013729
0.0086679
0.00794883
0.0136297
0.00799943
0.00800112
0.00833527
0.0136307
0.00811306
0.0079409
0.00977744
0.0139304
0.00795663
0.00845271
0.0141209
0.00800716
0.00787479
0.00794562
0.014328
0.00800969
0.00803893
0.0149471
0.00817232
0.00810781
0.00793594
0.0135977
0.0083336
0.00807035
0.0140332
0.00795729
0.0080627
0.0135393
0.00812352
0.00796751
0.008521
0.0137717
0.007968
0.00799678
0.0138384
0.00797149
0.00851907
0.00794786
0.0136838
0.00808398
0.00800769
0.013669
0.00801657
0.00817246
0.0136352
0.00803441
0.00800359
0.00815481
0.0135991
0.0082827
0.00808815
0.0143304
0.00822266
0.0083836
0.0138726
0.00824922
0.00823532
0.00840423
0.0145097
0.00790039
0.00829613
0.0141139
0.00792191
0.00823722
0.0135894
0.00834889
0.00797219
0.00826279
0.0136973
0.00798879
0.00804076
0.0136728
0.00804255
0.00784284
0.00804862
0.0136545
0.00791268
0.00819248
0.0139934
0.00798446
0.00837183
0.0136077
0.00805842
0.00804968
0.00797812
0.0137644
0.00790553
0.00810008
0.0136946
0.00809047
0.00796881
0.00857344
0.0138682
0.00790488
0.00864471
0.0137682
0.00788731
0.00821988
0.0140917
0.00801132
0.00792069
0.00864545
0.0140899
0.00785943
0.00874462
0.0138709
0.00791429
0.0102775
0.0148574
0.00818688
0.00977462
0.00789686
0.0139319
0.00794096
0.00807472
0.0136433
0.00783508
0.00817934
0.00800415
0.0138815
0.00979375
0.00843682
0.0139284
0.00799509
0.00795663
0.013873
0.00793119
0.008067
0.00793315
0.013698
0.00928823
0.016543
0.0136184
0.0153018
0.0135652
0.00875449
0.0149966
0.0135595
0.0155288
0.0135476
0.00906933
0.0145676
0.0136973
0.0154298
0.0135986
0.00942953
0.0145043
0.0136154
0.0156837
0.0135696
0.00872867
0.0147976
0.013516
0.0153795
0.0135394
0.00974659
0.0128222
0.0136895
0.0164455
0.0135961
0.00955513
0.0146578
0.0135612
0.0160062
0.0137343
0.0123112
0.0109752
0.0135521
0.0162886
0.0137979
0.0136197
0.00918518
0.0135296
0.0163671
0.0137987
0.0133851
0.00970706
0.0134889
0.0153529
0.0136893
0.013869
0.00972272
0.0151082
0.0136737
0.013824
0.014887
0.00884408
0.0139478
0.0146312
0.00796824
0.0217334
0.00841813
0.0150275
0.0131787
0.013723
0.0138205
0.0105689
0.0145994
0.0136277
0.0137198
0.0145012
0.00799813
0.014198
0.0146333
0.0079842
0.0187943
0.00947723
0.0135698
0.0161184
0.00804269
0.020442
0.00829435
0.0137373
0.00945178
0.00803963
0.014423
0.00826838
0.00789394
0.0081213
0.0136454
0.00802574
0.00794919
0.0154646
0.013394
0.00828698
0.0217453
0.00794083
0.0136626
0.00805359
0.00791882
0.0080913
0.0138357
0.00800912
0.00806854
0.00813751
0.0136797
0.00791707
0.00803349
0.0142143
0.00791833
0.00863611
0.00802275
0.0136796
0.00797859
0.00825629
0.0138919
0.00797346
0.00805157
0.0136395
0.00796349
0.00792887
0.00957795
0.0137035
0.00856594
0.00812722
0.0140207
0.00793644
0.00821133
0.01383
0.00802374
0.00793682
0.00872945
0.0135794
0.00791442
0.00813366
0.0137439
0.00804233
0.0087981
0.00794283
0.0135419
0.00787074
0.00802044
0.013713
0.00794133
0.0085376
0.00790378
0.0135248
0.00788417
0.00804822
0.00835078
0.0135531
0.00835496
0.00793537
0.0138897
0.00814057
0.00803593
0.0143197
0.00829773
0.00813517
0.00845578
0.0135783
0.00857616
0.00792822
0.0135526
0.00795191
0.00803823
0.0166581
0.00792409
0.00798463
0.00843799
0.0135858
0.00953031
0.0085063
0.0135314
0.00938468
0.00803403
0.0152203
0.00930379
0.00793071
0.0136398
0.00793317
0.00801507
0.0136743
0.0078906
0.00814507
0.00792713
0.0106772
0.0136495
0.00789044
0.0135617
0.0079206
0.00794641
0.00792031
0.0135937
0.00811381
0.0079075
0.0116937
0.0139616
0.00813866
0.0138443
0.00878246
0.00819701
0.01423
0.00815652
0.00807622
0.00838069
0.0160203
0.00790544
0.0139678
0.00795461
0.00817447
0.00791911
0.0138142
0.00803264
0.0079871
0.00824791
0.0166631
0.00792264
0.0135635
0.00793819
0.008192
0.00792915
0.00803575
0.0136133
0.00799825
0.0166092
0.00799115
0.00800233
0.00803756
0.0136173
0.00808372
0.0078749
0.013557
0.0096135
0.00865469
0.0170362
0.00839963
0.0079902
0.00881883
0.0135743
0.00801708
0.00794788
0.0141832
0.00816309
0.007949
0.017535
0.00825844
0.00790176
0.00916107
0.0137143
0.00800122
0.00803036
0.0137114
0.00793961
0.00795286
0.00862709
0.0188294
0.0085607
0.00790598
0.013964
0.00804251
0.00800108
0.0147083
0.00793798
0.00797255
0.0190134
0.00849187
0.00799397
0.0137768
0.00790744
0.00803804
0.0136475
0.00798255
0.00794144
0.00796842
0.0169298
0.00800369
0.00799898
0.0136574
0.00797586
0.00794434
0.0080107
0.0137188
0.00792898
0.00799663
0.0167722
0.00802838
0.00796345
0.0136292
0.007967
0.007986
0.0147669
0.00809893
0.00795461
0.00854159
0.0167439
0.00872408
0.0138482
0.00795362
0.00792885
0.0080266
0.0136813
0.0079267
0.00804476
0.0138133
0.00936452
0.00783429
0.00799624
0.0138983
0.0089004
0.0081033
0.0139699
0.00788801
0.0083128
0.0136232
0.0102976
0.00814669
0.00839202
0.0137049
0.00803394
0.00881255
0.0137461
0.0079884
0.00827039
0.0141309
0.0103198
0.00794927
0.0080044
0.0135326
0.00788159
0.00849105
0.0144303
0.00858117
0.00813591
0.0140378
0.0109787
0.00821134
0.00839297
0.0135805
0.00803766
0.00791181
0.0135803
0.00793288
0.0079945
0.00799609
0.0167475
0.0081652
0.00864447
0.0136613
0.00819579
0.00835555
0.0138325
0.00858841
0.00812377
0.0136104
0.007962
0.00804212
0.00836103
0.0135642
0.00825704
0.00822537
0.00839372
0.0149449
0.00790784
0.014089
0.00821643
0.00798167
0.00823675
0.0139422
0.00818407
0.00792532
0.00801385
0.0136223
0.0080289
0.00810239
0.0136173
0.0085401
0.00821234
0.0138584
0.00813996
0.00852069
0.00820816
0.0080408
0.0144959
0.00811234
0.0137199
0.00817018
0.00796348
0.00800509
0.00792694
0.0136869
0.00923365
0.0136101
0.00845038
0.0080681
0.00849278
0.0140945
0.00811721
0.00841729
0.015145
0.00832253
0.00832083
0.00837249
0.0142344
0.00880557
0.00836628
0.0138213
0.00811012
0.00836606
0.0140322
0.00800873
0.0081906
0.0148128
0.00822657
0.00837962
0.0137537
0.00799414
0.0081779
0.00824979
0.0138644
0.00820778
0.00797591
0.0143855
0.00797388
0.00860023
0.0139092
0.0101172
0.00789733
0.0138813
0.00831294
0.00853879
0.00802807
0.0145366
0.00790588
0.00817731
0.00790205
0.013641
0.0079126
0.00796505
0.0136359
0.00784826
0.00798721
0.00793395
0.0136321
0.00792589
0.0079846
0.0161904
0.00793685
0.00803201
0.0160002
0.00817087
0.00799006
0.00874779
0.0137237
0.0084139
0.00791697
0.0145921
0.00858976
0.00792814
0.0146641
0.00847297
0.00824425
0.0145558
0.00899803
0.00811251
0.0150801
0.00802187
0.00834118
0.00792346
0.0153704
0.00822473
0.00792034
0.0153818
0.00885449
0.00790032
0.0154675
0.00792523
0.0080115
0.0137357
0.00791737
0.00812981
0.00798527
0.0139097
0.00877736
0.00789138
0.0141151
0.00798953
0.0083359
0.00804444
0.0141721
0.00828152
0.00815583
0.00807883
0.0146063
0.00794349
0.00879575
0.013911
0.00829318
0.00802944
0.00804477
0.0138971
0.00807698
0.00812099
0.00801425
0.0138037
0.00796204
0.00803976
0.0139198
0.00893616
0.0080701
0.00860781
0.0146927
0.00835253
0.00794437
0.0143347
0.00812332
0.00792392
0.0137048
0.00802331
0.00808641
0.00843317
0.0157341
0.00831503
0.00798688
0.0158485
0.0080441
0.00835604
0.00806633
0.0146092
0.007974
0.00834029
0.00802656
0.0139542
0.00791834
0.00855527
0.0132538
0.0210137
0.00799779
0.00807638
0.0136779
0.00801618
0.00800666
0.00793019
0.0136726
0.00794686
0.00842643
0.00789633
0.0137162
0.00801518
0.00794821
0.00816606
0.0139468
0.00795996
0.00832837
0.00800985
0.0141824
0.00805117
0.00898796
0.0080225
0.0139057
0.00959428
0.00905829
0.00826565
0.0140597
0.00918391
0.00817956
0.00834211
0.016685
0.00860796
0.00787822
0.00912236
0.0157083
0.00788513
0.00994899
0.00892817
0.0135473
0.0093946
0.00797885
0.00924589
0.00789024
0.0136452
0.0080456
0.00795171
0.0079346
0.00849778
0.0137246
0.00842814
0.00925335
0.00829521
0.00837786
0.0141683
0.00817564
0.00829257
0.00789979
0.0140542
0.00843884
0.00787304
0.00965822
0.0081117
0.0139208
0.0095858
0.00792495
0.00922551
0.00796947
0.014427
0.00795807
0.00808169
0.00849051
0.016662
0.0133579
0.0102455
0.00815675
0.00830163
0.0186985
0.0126136
0.00788413
0.0233849
0.00816401
0.0111081
0.014464
0.00875667
0.0106311
0.00794491
0.00842588
0.0141827
0.00849745
0.00901378
0.00795749
0.0138586
0.00793048
0.00794282
0.00798167
0.00927351
0.0136516
0.00859397
0.00860794
0.00842495
0.00818516
0.00799177
0.0136019
0.00834352
0.00814465
0.0101532
0.0140796
0.00793607
0.00892714
0.00792156
0.00812275
0.00789101
0.013745
0.00796866
0.00826143
0.00823783
0.00798445
0.0139794
0.00789758
0.00885103
0.00796064
0.00815001
0.00795822
0.0137191
0.00804456
0.00827544
0.00806476
0.00801413
0.0142697
0.00792523
0.00856049
0.00788262
0.0083168
0.0144988
0.00791439
0.00884475
0.0084642
0.00850005
0.0135654
0.00799121
0.00795946
0.00871049
0.00810529
0.0140592
0.00833075
0.00889651
0.00821703
0.00871059
0.00805013
0.0140798
0.00795737
0.00866537
0.012263
0.0131174
0.0154455
0.00827431
0.00867366
0.00836997
0.00792574
0.0138463
0.00805177
0.00821521
0.00793108
0.00801526
0.00801714
0.0136192
0.00811093
0.00839214
0.00830007
0.0079949
0.00809203
0.0143318
0.00786659
0.00869258
0.00793612
0.00836705
0.00821085
0.0135781
0.00805468
0.00817738
0.0087954
0.00798926
0.0138281
0.00795706
0.00881194
0.00819467
0.0158486
0.0138029
0.0102319
0.00808593
0.00833258
0.00813392
0.020609
0.0079573
0.00940222
0.0143509
0.00838825
0.0159643
0.00787079
0.0087352
0.00958937
0.0130794
0.0136204
0.0101775
0.00806132
0.00801012
0.00812757
0.0217026
0.0088022
0.0101946
0.00799955
0.0138689
0.00799722
0.00852483
0.00790282
0.00831612
0.0081493
0.0135877
0.0080556
0.00861119
0.0080863
0.00791819
0.00796304
0.0137867
0.00838992
0.00850379
0.00850702
0.00998681
0.0139429
0.00824452
0.00882248
0.00841637
0.00821596
0.00837519
0.0140214
0.0081361
0.00843346
0.00816262
0.00843748
0.01373
0.00837381
0.00791517
0.00828638
0.00799778
0.00798769
0.013908
0.0078896
0.00853659
0.00816768
0.00822425
0.00790776
0.0158798
0.0085591
0.00794838
0.00824773
0.00802899
0.0169062
0.00922121
0.00821091
0.00848823
0.00802806
0.0140179
0.00961964
0.00825659
0.00920121
0.00823074
0.00869494
0.00806016
0.00855826
0.0135724
0.00804631
0.00820809
0.00806738
0.0079383
0.00803569
0.0142993
0.00791491
0.00893129
0.0080453
0.00840438
0.00819436
0.0140098
0.0089463
0.00856588
0.00852248
0.00808213
0.00881712
0.013557
0.00800709
0.00973385
0.00799814
0.00827165
0.00795687
0.0137877
0.00793905
0.00805231
0.00815612
0.00810069
0.00887157
0.0136106
0.00953846
0.00825685
0.00824645
0.0081356
0.00880976
0.0140202
0.00789377
0.00882463
0.0079345
0.00840636
0.0126555
0.0207388
0.00807097
0.00905903
0.00796106
0.00811306
0.0136656
0.00810661
0.00796644
0.0083237
0.00811973
0.00807617
0.00847184
0.0150031
0.00911434
0.00854498
0.00804481
0.00851227
0.00863001
0.0139311
0.00825215
0.00930614
0.0104806
0.00795281
0.0142811
0.00798963
0.00897125
0.00795992
0.00829402
0.00800031
0.0173726
0.0137861
0.00822699
0.00917092
0.00830468
0.00787159
0.0136166
0.00817344
0.00840903
0.00811248
0.00793013
0.00803537
0.0143926
0.00816964
0.00845618
0.00821008
0.00808508
0.00812602
0.0160304
0.00796377
0.00862437
0.00854898
0.00857708
0.0079038
0.0141607
0.00927369
0.00843902
0.00816869
0.00819167
0.00816351
0.00788527
0.0137608
0.00832248
0.00837799
0.00799038
0.00798094
0.00801278
0.00831428
0.0139286
0.00827508
0.00828424
0.0081928
0.0081397
0.00796563
0.0137133
0.00816685
0.00865485
0.00812706
0.00797129
0.00800771
0.00839065
0.014025
0.00783784
0.00903909
0.00789734
0.00868915
0.00787711
0.00817438
0.0141096
0.008254
0.00853119
0.00799601
0.00871789
0.00803464
0.00843369
0.0138292
0.00803835
0.00831489
0.00823003
0.00807373
0.00829543
0.0080261
0.0142936
0.00830659
0.00828906
0.00840982
0.00808366
0.00822126
0.00791347
0.0140774
0.00860572
0.00899146
0.00866866
0.00795876
0.0085075
0.00790045
0.0139629
0.00811513
0.00843645
0.00937429
0.00794468
0.00792294
0.00796955
0.0144043
0.00843951
0.00853594
0.00862765
0.00821771
0.00791868
0.00803077
0.0140202
0.00794191
0.00834682
0.00787189
0.00819485
0.00789864
0.00813583
0.0136959
0.00811088
0.00828926
0.00804983
0.00804586
0.00809484
0.00796328
0.00803251
0.0154063
0.00816883
0.0123742
0.00793343
0.00797382
0.00802712
0.00798003
0.0144172
0.00810013
0.00885035
0.00789307
0.00856013
0.00787781
0.00842241
0.0149065
0.00791586
0.00830792
0.00799302
0.0103073
0.0139622
0.0124805
0.0135639
0.0083316
0.00829671
0.00813414
0.00802044
0.00818946
0.00787042
0.0139026
0.00795905
0.00983629
0.00793164
0.00812243
0.00796799
0.00804555
0.0138764
0.00793994
0.00892098
0.00785097
0.00818027
0.00794018
0.00815263
0.0145913
0.00798293
0.0083312
0.00792268
0.00965433
0.00834411
0.00818609
0.00796634
0.013892
0.00790924
0.00849533
0.00836523
0.00796255
0.00799566
0.00805012
0.00810935
0.0137261
0.00825555
0.00818532
0.00916096
0.00789324
0.0081835
0.00799147
0.0137121
0.00862687
0.00818862
0.00915713
0.00786499
0.00817493
0.00787204
0.00905875
0.0137138
0.011558
0.0096408
0.00792043
0.00811982
0.00786381
0.00866623
0.00800815
0.0139779
0.00805119
0.0095584
0.00890444
0.00824962
0.00857014
0.00787289
0.0143732
0.0080284
0.00840537
0.00835797
0.00792926
0.00808334
0.00810029
0.00795334
0.0138874
0.00968065
0.00830641
0.00804489
0.00788498
0.00867572
0.00796203
0.00840376
0.0151141
0.00789357
0.00856831
0.0081322
0.00939766
0.00815654
0.00838687
0.00786602
0.0143541
0.00883298
0.00819246
0.0105148
0.0084107
0.00816415
0.00804811
0.0155833
0.00817797
0.00827464
0.0102175
0.00799219
0.00809072
0.00807987
0.00806896
0.0135631
0.00799811
0.00883914
0.00826202
0.00925716
0.00813722
0.00865529
0.00825809
0.0138255
0.00958854
0.00830684
0.00818355
0.00821725
0.00798054
0.00792071
0.00810616
0.00792677
0.015501
0.00864031
0.00816246
0.00896352
0.0156577
0.00804895
0.00797478
0.0146693
0.00820947
0.00872946
0.017471
0.00814175
0.0079313
0.0089504
0.0137733
0.00804448
0.0104794
0.00785629
0.00820534
0.00794404
0.0171183
0.0137046
0.00980446
0.00834942
0.00812542
0.00794382
0.0154073
0.00790549
0.00794631
0.0153478
0.00808245
0.00807975
0.0100987
0.0121929
0.0085238
0.00819944
0.0169679
0.0085922
0.00813858
0.0157373
0.00825825
0.00789299
0.00831431
0.00789415
0.0138911
0.0108366
0.0080574
0.00819123
0.00792341
0.0163187
0.00886365
0.00831029
0.0143093
0.00795011
0.00883532
0.00806552
0.0081318
0.0079844
0.00815911
0.00793879
0.00802894
0.0139405
0.00791255
0.00840857
0.008022
0.0085299
0.00809788
0.00843561
0.00808307
0.00870236
0.0135395
0.00920712
0.00886389
0.00805148
0.00854345
0.00801212
0.00826297
0.00840838
0.00823945
0.0137624
0.00838038
0.00841988
0.00803551
0.0079724
0.00814611
0.00819309
0.00808063
0.0083112
0.0146731
0.00815072
0.00830761
0.00883583
0.00792187
0.00827528
0.00797792
0.00811736
0.00828391
0.0136277
0.00788311
0.00903684
0.00908818
0.00801895
0.00825594
0.00799684
0.00855338
0.00786709
0.00879207
0.0138894
0.00891062
0.00815917
0.00875734
0.010507
0.00797921
0.00814035
0.00803019
0.0146167
0.0139353
0.0135719
0.00792611
0.00820032
0.00806615
0.00872875
0.00834003
0.00820705
0.0136034
0.0083328
0.00846248
0.00858235
0.0082508
0.00826304
0.00812672
0.00825645
0.00819007
0.013698
0.00853732
0.00841325
0.00803255
0.00802501
0.00823284
0.00793151
0.00824336
0.00822447
0.00886516
0.0172525
0.00822638
0.008587
0.00813798
0.00829874
0.00793534
0.00892564
0.00812465
0.00825417
0.0139223
0.00811747
0.00844665
0.00804704
0.00825915
0.0079885
0.00814999
0.00800356
0.00793966
0.00831337
0.00792791
0.0136664
0.0101534
0.00820376
0.00813558
0.00851404
0.00794987
0.00802501
0.00791805
0.00790493
0.00843685
0.0140181
0.00791783
0.0103939
0.00792114
0.00832001
0.00784432
0.0102464
0.00943226
0.00995378
0.0137869
0.00825873
0.00840143
0.00885158
0.00814864
0.00800293
0.00805629
0.00841657
0.00807938
0.00848773
0.0138045
0.00815665
0.00913264
0.00809195
0.00785986
0.00834654
0.00808113
0.00840606
0.00790885
0.0083838
0.0150564
0.00800814
0.00922207
0.00825546
0.00888061
0.00821794
0.0085413
0.0082138
0.00837335
0.00781285
0.0139921
0.00833019
0.00834602
0.00959712
0.00797137
0.00899263
0.00796716
0.00845719
0.00817746
0.00841999
0.0138724
0.00800882
0.00832728
0.00805884
0.0079923
0.00834877
0.00810913
0.00836643
0.0083831
0.00884169
0.0140604
0.00808409
0.0090895
0.00802653
0.0081395
0.00817231
0.00843092
0.00791116
0.0083687
0.00810228
0.00855513
0.0141412
0.00793092
0.0107582
0.00813542
0.00849676
0.00876013
0.00814189
0.00805725
0.00810069
0.00812724
0.0150038
0.00803083
0.00828331
0.0101917
0.0078125
0.00808652
0.00804906
0.00824839
0.00812935
0.00805593
0.0135953
0.00833328
0.00819403
0.00822471
0.01174
0.00792727
0.00819143
0.00789979
0.00839288
0.00792573
0.00857853
0.0154089
0.00788099
0.00798565
0.00814955
0.0117041
0.00790917
0.00835743
0.00787719
0.00822007
0.00807544
0.00851669
0.0138204
0.00878822
0.00895392
0.00806525
0.0111451
0.00790745
0.00810674
0.00797038
0.00840914
0.00798016
0.00816311
0.0139995
0.00806363
0.00818323
0.00821584
0.00793622
0.0109059
0.00893874
0.00797054
0.0085896
0.00790613
0.0139614
0.00799773
0.00848761
0.00823532
0.0085117
0.00858806
0.0116923
0.0086944
0.00847443
0.00829919
0.00787264
0.0080368
0.0140733
0.0079962
0.00894747
0.00797183
0.00798405
0.00818581
0.00791677
0.00833985
0.0080136
0.00836005
0.00796647
0.0138528
0.00824081
0.00829633
0.00843886
0.00791701
0.00861409
0.00801047
0.00841624
0.00796777
0.00858812
0.00791695
0.00844358
0.014795
0.00797835
0.00813788
0.00802402
0.00913807
0.00809794
0.00849589
0.0081147
0.00827092
0.00813731
0.00866644
0.0136547
0.0079876
0.00866503
0.00816858
0.00835276
0.00836413
0.00806561
0.00807746
0.00798581
0.00815405
0.00837644
0.00862151
0.0140995
0.00842574
0.00880334
0.0078816
0.00826277
0.00798258
0.00829642
0.00796426
0.00833809
0.0080552
0.00828729
0.0148749
0.00806605
0.00861123
0.00807314
0.00842714
0.00807428
0.00827643
0.00798348
0.00872885
0.00788936
0.00948945
0.00809887
0.0139101
0.00802634
0.00855065
0.00814334
0.00790284
0.00798969
0.00854183
0.00807381
0.00809209
0.00790291
0.0084144
0.00819677
0.0139186
0.0087902
0.00861598
0.00828614
0.00790968
0.00862753
0.00804952
0.00825341
0.00802361
0.00953034
0.00804193
0.00851928
0.014606
0.00819469
0.00879894
0.00842152
0.010774
0.0086375
0.00805738
0.00855334
0.00799606
0.00863083
0.00866824
0.00801112
0.0140858
0.0084192
0.0083307
0.0119443
0.00809677
0.00830256
0.0079279
0.00806199
0.00791432
0.00801096
0.00843791
0.0138077
0.00811171
0.00829714
0.0124185
0.00797905
0.00814571
0.00872519
0.00818241
0.00807155
0.00801007
0.00835212
0.00800134
0.00815288
0.0135356
0.0111591
0.00860447
0.00806747
0.00786301
0.00816499
0.00789165
0.00810258
0.00790332
0.00824117
0.00804834
0.00802982
0.0135876
0.0114914
0.00821259
0.00837063
0.00843494
0.00813937
0.00838197
0.0080809
0.00847361
0.00840381
0.00833812
0.00826068
0.0086533
0.0156937
0.00802117
0.00940531
0.00813665
0.00853018
0.00799564
0.00813374
0.00806268
0.00818301
0.00810322
0.00856974
0.0113914
0.0144686
0.0083135
0.00848421
0.00847778
0.00810081
0.00825616
0.00808334
0.00832187
0.00807853
0.00868355
0.00791634
0.00838726
0.00797146
0.0139762
0.00820198
0.00829367
0.00874798
0.00801302
0.00836315
0.00834948
0.00815824
0.00793869
0.00840559
0.00792197
0.00859477
0.00827238
0.0142011
0.00815502
0.00846526
0.00809396
0.00792971
0.00813625
0.008091
0.0127183
0.00791447
0.00851791
0.00785333
0.00811989
0.0136695
0.0079531
0.00812857
0.00799582
0.00882795
0.00838174
0.00817848
0.00806536
0.00809489
0.00805666
0.00860611
0.00824596
0.0083766
0.0138547
0.0084307
0.00830773
0.00860762
0.00802698
0.00833536
0.00808263
0.00828869
0.00825888
0.0082804
0.00996012
0.00822595
0.00800567
0.0147114
0.00853515
0.00839467
0.0084703
0.0110935
0.0081967
0.00840475
0.00809947
0.0101396
0.00813411
0.00803115
0.00860113
0.0081266
0.00823959
0.0138654
0.00845494
0.00845931
0.00805937
0.00883207
0.00803033
0.00813566
0.00798373
0.00805283
0.00817709
0.00823448
0.00793954
0.00806599
0.0145307
0.00788144
0.00907492
0.00836671
0.00923744
0.00811086
0.00815595
0.00993507
0.00813886
0.00786259
0.00803892
0.0112209
0.00814042
0.00850907
0.0174505
0.00998401
0.00822217
0.0082496
0.00805432
0.00809215
0.00807296
0.00810868
0.00810466
0.00800581
0.00825458
0.00797797
0.00844177
0.0134564
0.00824756
0.00860617
0.00875581
0.00820373
0.00861823
0.00807017
0.00833106
0.00791216
0.00808409
0.0080734
0.00802436
0.00791102
0.0138172
0.00813564
0.00844567
0.00799859
0.00831031
0.00809295
0.00794111
0.00810485
0.00817438
0.00806991
0.00807085
0.00786012
0.00803758
0.00832808
0.00798473
0.0144777
0.0083823
0.00876705
0.00832943
0.0096063
0.00876705
0.00806867
0.00854676
0.00808016
0.0085837
0.00802845
0.00849734
0.00804127
0.00859585
0.0137844
0.00879772
0.0084258
0.00821014
0.00797589
0.00910719
0.00803436
0.00833995
0.00788916
0.00845172
0.00792393
0.0079656
0.00801696
0.00853237
0.0137272
0.0081006
0.00950424
0.00971778
0.00837134
0.00791318
0.0087114
0.00824834
0.00822811
0.00792748
0.00864384
0.00802513
0.00801936
0.00806691
0.0157326
0.00895644
0.00837441
0.00890444
0.00822256
0.00876
0.00808118
0.00910092
0.00803377
0.00807626
0.00791133
0.0082974
0.00803696
0.00798967
0.00795196
0.0137379
0.00796397
0.00835907
0.00825256
0.00813953
0.00803357
0.00797281
0.00897489
0.00809525
0.00814491
0.00802088
0.00869094
0.00795404
0.0085594
0.00813025
0.0141206
0.0126596
0.0081624
0.00826147
0.00808183
0.00810511
0.00830437
0.00794014
0.00825013
0.00803822
0.008256
0.00809841
0.00839358
0.00802083
0.00837414
0.0142179
0.00801085
0.00867538
0.00837393
0.0096272
0.00798861
0.00848149
0.00803306
0.00838598
0.00799225
0.00810149
0.00870074
0.00800326
0.00813683
0.00831422
0.0147068
0.00897253
0.00865672
0.00825076
0.00852559
0.00797357
0.00815841
0.00843474
0.00857578
0.00792268
0.00825408
0.00832261
0.00828601
0.00800852
0.00830343
0.0137751
0.00813855
0.00841279
0.00818676
0.00812828
0.00811855
0.00802854
0.00816177
0.00818963
0.0085001
0.00798095
0.00847771
0.00808905
0.00790749
0.00844695
0.0141066
0.00816675
0.00825851
0.0082481
0.00895537
0.00819787
0.00816527
0.00827286
0.00961811
0.00839539
0.00828727
0.00825727
0.00906216
0.00835171
0.00803869
0.00820112
0.0151649
0.0079347
0.00867478
0.0082716
0.00835162
0.00809277
0.00801818
0.0079923
0.00831987
0.00803269
0.00814118
0.0105675
0.00813819
0.00831204
0.00818042
0.0140231
0.00839926
0.00849753
0.00834699
0.00875133
0.00793459
0.00857793
0.00806217
0.0085227
0.00817283
0.00825171
0.0081906
0.00812109
0.00807403
0.00824427
0.00919887
0.0137388
0.00848408
0.00881952
0.00883106
0.00801384
0.00833307
0.00943345
0.00865013
0.00801038
0.00852111
0.00908749
0.00802721
0.00799295
0.00904143
0.00787951
0.00824725
0.0138227
0.00932261
0.0103175
0.00797301
0.00818008
0.00871502
0.00816636
0.00801637
0.00854884
0.00799666
0.00812084
0.00796255
0.00808618
0.00812081
0.00877189
0.0155746
0.00794141
0.00860797
0.00799641
0.009417
0.00793709
0.00829058
0.00790336
0.00850873
0.00786553
0.00803968
0.00836684
0.00797162
0.00993332
0.00815492
0.00797166
0.0139744
0.00807805
0.0107276
0.0118111
0.011001
0.00929515
0.00881297
0.00802925
0.00812049
0.00800646
0.0087793
0.00831761
0.00819428
0.0080406
0.00854921
0.0100068
0.00806791
0.0138247
0.0124452
0.00826675
0.00808634
0.00946335
0.0171757
0.00856101
0.0103858
0.00799346
0.00813401
0.00810995
0.0102558
0.00867607
0.00797441
0.0143349
0.00810041
0.00858091
0.00820769
0.00820473
0.00827414
0.00825976
0.00820953
0.00819368
0.00813322
0.00802227
0.00809208
0.00814935
0.0083084
0.00817873
0.00856092
0.00858906
0.0144465
0.00818385
0.0104375
0.00844885
0.00833308
0.00837396
0.00841706
0.0081739
0.0084198
0.00826093
0.00806324
0.00812459
0.00818861
0.0082455
0.00842476
0.00817174
0.00803795
0.013627
0.00829454
0.00854638
0.00856881
0.00894636
0.00828961
0.00833998
0.0103724
0.00815022
0.0084773
0.00815644
0.00989038
0.00806907
0.0078686
0.00806506
0.00993054
0.0139295
0.00818276
0.00906455
0.00822664
0.00818622
0.00795144
0.00861048
0.00814485
0.00845967
0.00801606
0.00858587
0.00805724
0.00870122
0.00799087
0.00858546
0.0089416
0.00801125
0.00825208
0.0142381
0.00801446
0.0087064
0.00800054
0.00872398
0.00813403
0.00808529
0.00831879
0.00830492
0.00805784
0.00811532
0.00798346
0.00840351
0.00786107
0.00832469
0.00794596
0.00840386
0.00788615
0.014231
0.00822142
0.00826942
0.00814932
0.0081503
0.0104067
0.0081077
0.00868663
0.00885179
0.00865575
0.00794629
0.00812696
0.00984953
0.00813534
0.00826488
0.00805952
0.0101189
0.0137388
0.00810965
0.00860486
0.00840962
0.00800676
0.00820854
0.0080301
0.00839913
0.00808647
0.0079702
0.00812382
0.00840819
0.00802288
0.0085851
0.00809727
0.00844447
0.00804631
0.00852931
0.00802721
0.013629
0.00809738
0.00903545
0.00820285
0.0080434
0.00803751
0.00833265
0.00822291
0.00810326
0.00845498
0.00816721
0.00836754
0.00808799
0.00852841
0.00798336
0.00866184
0.00811938
0.00839851
0.00861016
0.0138173
0.0080298
0.00908735
0.00817446
0.00846079
0.00810691
0.00833562
0.00832232
0.00817141
0.00786365
0.0080886
0.00818819
0.00818091
0.00788302
0.00883372
0.0079394
0.00809719
0.00802222
0.00867927
0.0135907
0.00803416
0.00827729
0.00830855
0.00829971
0.00813336
0.00802066
0.00820619
0.00807536
0.0081231
0.00808654
0.00823204
0.00797824
0.00807694
0.00852704
0.00954828
0.00808583
0.00806211
0.00806534
0.0139247
0.00817851
0.00836416
0.00871073
0.00803187
0.00854673
0.00805505
0.0087812
0.00809192
0.00835562
0.00811975
0.0086323
0.0081921
0.00823493
0.00797444
0.00902765
0.00826942
0.00810668
0.00794784
0.014011
0.00821568
0.0081493
0.00928612
0.00812002
0.00845803
0.00812684
0.00903168
0.00835495
0.00818681
0.00800402
0.00868018
0.00823185
0.0080101
0.00810158
0.00852184
0.00808922
0.0085116
0.00816176
0.00839626
0.0137299
0.00821803
0.00862061
0.00818811
0.00806567
0.00806606
0.00806409
0.00817268
0.00813048
0.0081655
0.00815875
0.010316
0.00792066
0.00830338
0.00827687
0.00955993
0.00819275
0.00832118
0.0155463
0.00808205
0.00897504
0.00988231
0.00801391
0.00826922
0.0080591
0.0098732
0.00801612
0.00810633
0.00804907
0.0103252
0.00786562
0.0081068
0.00804068
0.0102009
0.00877784
0.00815233
0.0139776
0.00815868
0.00923459
0.00803356
0.00855236
0.00807078
0.00837061
0.00799069
0.00869447
0.00793725
0.00823357
0.00801201
0.00819212
0.00811249
0.00803919
0.00796166
0.00837069
0.00808461
0.00814068
0.00797381
0.0172553
0.00883886
0.00799323
0.00884008
0.00823543
0.00826462
0.00801798
0.00908871
0.00782585
0.00812035
0.00799541
0.0083005
0.0103347
0.00796269
0.00803099
0.00797721
0.00786304
0.00791414
0.0079159
0.01374
0.00807339
0.00841717
0.00821524
0.0127276
0.0081634
0.00803609
0.00837782
0.00791052
0.0080995
0.00835559
0.00829959
0.00791855
0.00814791
0.00834484
0.00819822
0.011889
0.00796316
0.00870599
0.0139345
0.01022
0.0105206
0.00820525
0.00810644
0.00816149
0.00919868
0.00828383
0.0101073
0.00819407
0.00834652
0.00795131
0.00854806
0.00844084
0.00828222
0.00785115
0.00848941
0.00789945
0.00946473
0.0170345
0.00902309
0.00841756
0.00838424
0.00839745
0.0094159
0.00862731
0.0081339
0.00801419
0.00804467
0.00843217
0.0106103
0.00832459
0.00839938
0.0079674
0.00788019
0.00822556
0.0102208
0.0137696
0.00828547
0.0109092
0.00825
0.0113439
0.0100128
0.00815894
0.0081297
0.00805357
0.010863
0.00803937
0.00864886
0.0083469
0.00951698
0.0078951
0.00947206
0.00807746
0.00801887
0.0140489
0.00854561
0.00909336
0.00824654
0.00838816
0.00870722
0.008326
0.00809468
0.00800795
0.0102281
0.00801571
0.00804269
0.00787775
0.0084791
0.0078873
0.00812969
0.0079329
0.00810541
0.00833379
0.0138753
0.0121813
0.00817252
0.00806692
0.00822136
0.00848146
0.00812743
0.0081141
0.00811495
0.00819503
0.00812951
0.00821393
0.0083843
0.011714
0.0083391
0.00801099
0.0085547
0.00807472
0.00836031
0.00810534
0.0140383
0.00808722
0.00839836
0.00820433
0.0124326
0.00827998
0.00798803
0.00889793
0.00807915
0.00809737
0.00787723
0.00934978
0.00802408
0.0081067
0.00798476
0.0087364
0.0119389
0.00792729
0.0087135
0.01389
0.00825528
0.0083481
0.00891811
0.00820735
0.00840642
0.008163
0.00869239
0.00807479
0.00812501
0.00798925
0.00917634
0.00802169
0.00799268
0.00815873
0.00920975
0.00836476
0.00805263
0.00793388
0.0140578
0.00876629
0.00817862
0.009264
0.00819807
0.00853032
0.008044
0.00845617
0.0081159
0.0083458
0.00791544
0.00857278
0.00805768
0.0081678
0.00805617
0.00860321
0.00803345
0.0081153
0.00792745
0.0086622
0.0137042
0.00818817
0.00854119
0.00814535
0.00815858
0.0080463
0.00801866
0.00802302
0.00823808
0.00862679
0.00806357
0.00823584
0.00811981
0.0080362
0.00851797
0.00811043
0.00842458
0.00807208
0.00856264
0.0101625
0.00791962
0.013646
0.0102996
0.00835818
0.00840927
0.00796787
0.0102366
0.00830845
0.00827827
0.00814604
0.00857802
0.0080376
0.00937223
0.00889248
0.0079944
0.00831155
0.00793632
0.00911699
0.00798217
0.00827672
0.00795499
0.00854234
0.0137662
0.00835751
0.00858318
0.00839083
0.00804452
0.00849936
0.00815674
0.00862154
0.00814608
0.00846936
0.00815511
0.00811773
0.0080092
0.00827265
0.00819794
0.00837066
0.00826285
0.00793155
0.00806474
0.00872184
0.0138418
0.00808264
0.0106994
0.00899365
0.00824832
0.00823474
0.00837338
0.00836822
0.00837392
0.00836068
0.00815995
0.00788283
0.00821313
0.00844342
0.00812319
0.00841246
0.00808814
0.00849361
0.00810955
0.0138108
0.00806286
0.0103425
0.00796371
0.00823983
0.00800269
0.00852173
0.00799357
0.00818618
0.00817461
0.00885829
0.00834483
0.00806505
0.00794764
0.00907865
0.00791575
0.00811667
0.00797135
0.0092246
0.0138742
0.00805528
0.0103641
0.00799032
0.00859191
0.00813914
0.00861024
0.00804918
0.00834642
0.00845803
0.00820454
0.00798042
0.00811889
0.00833867
0.00815101
0.00792674
0.00802905
0.00835836
0.00817796
0.0136436
0.00826704
0.010344
0.00813013
0.00854324
0.00881617
0.00841698
0.00795857
0.00807269
0.00847793
0.00823004
0.00789371
0.00822505
0.00806214
0.00850279
0.00805859
0.00857942
0.00804843
0.00858541
0.00810652
0.0139414
0.00815038
0.00843466
0.00832039
0.0084495
0.00890437
0.00803461
0.00803459
0.00852741
0.0107221
0.00796459
0.00846984
0.00803635
0.00857151
0.00812034
0.00834284
0.0079902
0.00876718
0.00807238
0.014398
0.00804421
0.00848113
0.0081591
0.00814037
0.00812253
0.0085583
0.00807862
0.00811183
0.00809616
0.00816176
0.00827494
0.00823606
0.00826125
0.00811808
0.00848134
0.00809806
0.00850602
0.00814778
0.00844693
0.0139047
0.00826397
0.00832893
0.00814028
0.00805198
0.00839015
0.00806313
0.00816803
0.00800362
0.00816007
0.0079232
0.00797726
0.00803295
0.00850753
0.007978
0.0112987
0.00875828
0.00792816
0.00785488
0.00817384
0.014398
0.00795815
0.00892449
0.00934057
0.00863923
0.00820219
0.00812928
0.00838256
0.00835219
0.00830971
0.00825292
0.0079911
0.0079889
0.00830625
0.0080852
0.00836684
0.00808015
0.0078511
0.00826013
0.0141246
0.00807095
0.00837262
0.00815242
0.00826516
0.00817593
0.00807335
0.00823596
0.00797753
0.00802345
0.00851808
0.00817207
0.00838269
0.00798212
0.0086162
0.0080625
0.0085455
0.00838252
0.00824038
0.00850454
0.0139015
0.0085213
0.00937119
0.00800524
0.00810895
0.00798934
0.00885575
0.0079913
0.00819606
0.00809064
0.00870326
0.00813511
0.00819018
0.00785571
0.00820402
0.00819739
0.00819304
0.00791018
0.00873871
0.00813636
0.0141793
0.0095565
0.00859555
0.00890956
0.00800355
0.00878261
0.00805691
0.00856321
0.0082463
0.00861804
0.00800757
0.00813294
0.00786416
0.00854582
0.00809665
0.00814027
0.00810606
0.00836365
0.00797909
0.00821208
0.0138461
0.00818439
0.00836041
0.00817768
0.00814754
0.00824781
0.00806628
0.0081819
0.00799356
0.0081997
0.00804794
0.00800203
0.0084641
0.00819726
0.00845994
0.00820692
0.00839326
0.00832288
0.00830613
0.00837382
0.0142734
0.00849119
0.00898844
0.00803513
0.00839417
0.0080507
0.00854527
0.00788989
0.00855101
0.008127
0.0081374
0.00791436
0.00812573
0.00807891
0.00824009
0.00817533
0.00840035
0.00807053
0.00805012
0.0139819
0.00832787
0.00826228
0.0079054
0.00847016
0.00812078
0.00811632
0.00815504
0.00824288
0.0082572
0.00804818
0.0080819
0.00799832
0.0081881
0.00810831
0.00794705
0.00833736
0.00858687
0.00817626
0.00837084
0.00823261
0.0139623
0.00827759
0.0083971
0.00848315
0.0080558
0.00826072
0.00796262
0.00892237
0.00798069
0.00806616
0.00805324
0.00817092
0.0079494
0.00813804
0.00786162
0.00829282
0.00799855
0.00792471
0.00799494
0.00868557
0.0137773
0.00812994
0.00850652
0.00809332
0.00800455
0.00815265
0.00806759
0.0080607
0.00854753
0.00808198
0.010148
0.00812656
0.00829544
0.00833364
0.011392
0.00859918
0.00861349
0.00870543
0.00883568
0.00819012
0.0145802
0.00969951
0.00975301
0.00819047
0.00807013
0.00851544
0.00819267
0.0082173
0.00803605
0.00818811
0.00818474
0.00818932
0.00807537
0.00815069
0.00943857
0.00808042
0.00806776
0.00807251
0.00797572
0.00817188
0.0146791
0.00804338
0.00873691
0.00798817
0.01638
0.00855625
0.00785743
0.0095189
0.00795336
0.00831899
0.00825546
0.00837064
0.00829351
0.00806412
0.00838971
0.00826808
0.008054
0.00828755
0.00812233
0.0140824
0.00796926
0.00934252
0.00980358
0.00820169
0.0091046
0.00995906
0.00831439
0.00804405
0.00832326
0.0101309
0.00821623
0.00804832
0.00831798
0.0101115
0.00803298
0.00830527
0.00819062
0.00911345
0.0137225
0.00832241
0.0107331
0.00816758
0.00815785
0.00882444
0.00922321
0.00812155
0.008322
0.00902408
0.00836249
0.00804902
0.00829854
0.0102456
0.00820696
0.00798588
0.00845563
0.00812105
0.00854037
0.0138373
0.00846062
0.00886395
0.00811632
0.00811857
0.00848509
0.00821365
0.00815344
0.00800031
0.00816807
0.00815038
0.00821027
0.00820823
0.0085988
0.00833256
0.00834829
0.00883236
0.00863089
0.00915654
0.0085465
0.00881896
0.00823191
0.0143434
0.00838
0.00900918
0.00833324
0.00823153
0.00818087
0.00829448
0.00812301
0.00851762
0.00801149
0.00852836
0.00804177
0.00809948
0.00806078
0.00826105
0.0083335
0.00805739
0.00908156
0.00819949
0.00809224
0.0139102
0.00845546
0.00844995
0.00829404
0.00809618
0.00837687
0.00844157
0.00818249
0.00830536
0.00870583
0.00813002
0.00837835
0.00802451
0.00880908
0.00803153
0.00864498
0.00801905
0.00834092
0.00800806
0.00834493
0.0144677
0.0119508
0.00823934
0.00867897
0.0104994
0.00795231
0.00805963
0.00816351
0.00813068
0.00813959
0.00820233
0.0080582
0.0105021
0.00839737
0.00797504
0.00889018
0.00806063
0.00827675
0.00801849
0.0143047
0.00809954
0.00855155
0.0129259
0.011408
0.00813338
0.00821111
0.00842992
0.00804508
0.00837343
0.00845508
0.00829451
0.00806471
0.00817111
0.00850911
0.0085872
0.0116456
0.00805696
0.0141383
0.00801366
0.00845597
0.00853591
0.00827419
0.00812623
0.00825853
0.00810268
0.00834095
0.0117827
0.00804378
0.00817592
0.00813514
0.0080931
0.00810446
0.00865315
0.0081256
0.00829783
0.00806977
0.00852053
0.0171619
0.00815089
0.00848472
0.00813075
0.00826992
0.00811257
0.00844373
0.00803382
0.00828658
0.00792857
0.00883902
0.0126835
0.00877205
0.00802134
0.00812618
0.00840802
0.00816328
0.00832797
0.0166442
0.0118027
0.00880048
0.0081573
0.0117712
0.00802169
0.00825085
0.00803778
0.00842753
0.00836241
0.00844296
0.00800972
0.00792636
0.0103174
0.00810928
0.0084032
0.0109181
0.00819459
0.00809369
0.0137543
0.00892498
0.00862843
0.00840493
0.00861839
0.00840419
0.00838808
0.00806447
0.0120105
0.0100605
0.00821517
0.00820623
0.0081702
0.00816167
0.0082999
0.00827107
0.00843071
0.00826439
0.00804766
0.0169628
0.0083156
0.00915925
0.00818779
0.00805091
0.00839655
0.00810346
0.0082311
0.00806868
0.00821375
0.00789536
0.00839062
0.0110309
0.00801961
0.00857559
0.00794659
0.00870266
0.00827004
0.0138803
0.00813532
0.00882599
0.0081978
0.0086055
0.011589
0.00835351
0.00802783
0.00810028
0.0080196
0.00830322
0.00807649
0.00813232
0.00817126
0.0080758
0.0086022
0.00823831
0.0119169
0.00787271
0.0141861
0.00815854
0.00894277
0.00815209
0.00839369
0.00820018
0.00819232
0.00828475
0.00841111
0.0114337
0.00804254
0.0080917
0.00808616
0.00841794
0.00801164
0.0084844
0.00802346
0.00859319
0.00795451
0.00866139
0.0173404
0.00820546
0.00859443
0.00808257
0.00874683
0.00808887
0.00815792
0.00810386
0.00845672
0.0122718
0.00807025
0.00847841
0.00811281
0.00857717
0.00826196
0.00825932
0.00809578
0.00858123
0.00819706
0.01426
0.00805841
0.00974012
0.00815806
0.00857816
0.00812676
0.00863234
0.00805903
0.00839357
0.00806879
0.00854303
0.00963986
0.0084346
0.00811485
0.00843219
0.00810033
0.00829474
0.00816307
0.00820194
0.0139108
0.00804432
0.00949683
0.00805985
0.00856382
0.00804719
0.00865975
0.0080743
0.00859149
0.00799422
0.00873826
0.00821903
0.00813424
0.007988
0.00827069
0.00799672
0.00806362
0.00809513
0.00854436
0.00814481
0.0138705
0.0080311
0.00925145
0.00875835
0.00803793
0.00875002
0.00814668
0.00855867
0.008029
0.00918312
0.00822764
0.00832032
0.00811564
0.00831736
0.00802529
0.00817462
0.00803463
0.00828856
0.00799367
0.0137682
0.00814168
0.00913124
0.00825489
0.00812844
0.00801821
0.00827094
0.00807716
0.0081281
0.00805583
0.00845836
0.00801753
0.00802767
0.00922527
0.00809557
0.00803107
0.00806153
0.00806591
0.00830321
0.00835458
0.0137931
0.0093072
0.00822547
0.00823923
0.00802573
0.00929223
0.00804314
0.00811463
0.00803533
0.00919099
0.00798685
0.00810374
0.00803827
0.00891138
0.00799009
0.00792728
0.00792707
0.00817789
0.00795248
0.0139425
0.00952199
0.00823421
0.00831054
0.00806921
0.00834668
0.00812991
0.00826156
0.00794924
0.0115492
0.00794014
0.00793557
0.00797219
0.00828047
0.00827434
0.00800126
0.00804196
0.00857815
0.00857883
0.0140122
0.00934689
0.00882327
0.00825171
0.00834401
0.00869218
0.00803449
0.00815276
0.00801009
0.0083745
0.00846595
0.00809879
0.00810589
0.00811491
0.00806091
0.00824126
0.00799246
0.00860995
0.00799927
0.00857387
0.0141544
0.00822528
0.00860334
0.00821326
0.00871773
0.00834658
0.00801956
0.00816359
0.00865495
0.00798715
0.00807691
0.0080487
0.00851485
0.00809517
0.00802425
0.00810448
0.00853055
0.00806857
0.00804493
0.0142922
0.00838455
0.00851031
0.00857095
0.00817382
0.00834287
0.00804651
0.00815716
0.00808569
0.00857716
0.00807884
0.00812163
0.00814312
0.00819706
0.0078495
0.00815144
0.00804444
0.00812498
0.00794633
0.00820126
0.0188207
0.00800199
0.00828549
0.00826152
0.0153812
0.00823786
0.00799254
0.0091148
0.00798903
0.00821486
0.00803759
0.00890352
0.00799208
0.00800237
0.00802353
0.00880521
0.00795185
0.00802311
0.0160626
0.00807605
0.00895351
0.00809628
0.0148386
0.00788397
0.00834648
0.0106111
0.00803646
0.00816341
0.00797529
0.0095719
0.00793611
0.00817728
0.0081717
0.0081378
0.00805473
0.00815107
0.0167467
0.00800733
0.00902065
0.00829711
0.0151909
0.00799903
0.00821051
0.0117226
0.00921879
0.00799284
0.0103848
0.00805422
0.00851705
0.00811331
0.0103425
0.00845417
0.00854981
0.013978
0.00875625
0.00901082
0.00860251
0.00809607
0.0085477
0.00813871
0.00829074
0.00816327
0.00811479
0.00868222
0.00874977
0.00843953
0.00816334
0.00810603
0.00818558
0.00820087
0.00878816
0.00817059
0.0082501
0.00855302
0.0139684
0.00968423
0.00862597
0.0083469
0.00815467
0.00837363
0.00898963
0.00817257
0.00803208
0.00841852
0.00857861
0.00802364
0.00799909
0.00905864
0.00824987
0.00812416
0.00809366
0.00814302
0.00815365
0.00804398
0.00819536
0.014063
0.00817059
0.00834579
0.00866039
0.00811845
0.0085155
0.00798912
0.00885028
0.00808309
0.00821517
0.00802834
0.00822252
0.00816792
0.00798682
0.00796891
0.00841994
0.00816752
0.00821342
0.0080705
0.00839258
0.00819277
0.0138918
0.00816289
0.00862851
0.00924322
0.00817213
0.00797869
0.00816596
0.00928386
0.00805185
0.00921514
0.00792129
0.00804362
0.00794808
0.00899581
0.00794517
0.00824993
0.00802145
0.00854266
0.0100953
0.013934
0.00928475
0.0105945
0.00842748
0.0079692
0.00975799
0.0151388
0.00799031
0.0101164
0.00809007
0.00822614
0.00808812
0.0104633
0.00798085
0.00795981
0.00791799
0.0105179
0.00802111
0.0141194
0.0110064
0.00829148
0.00966329
0.0117141
0.0144227
0.00816726
0.00910205
0.00912728
0.00809256
0.00800716
0.00969345
0.00795789
0.00811487
0.00828806
0.0107074
0.00827745
0.0084096
0.0167561
0.00787738
0.00821568
0.0131335
0.0185969
0.0142954
0.00845719
0.00831668
0.00801409
0.00836253
0.0081059
0.00831719
0.00810913
0.00834774
0.00817011
0.00834239
0.00804795
0.00825889
0.00815511
0.00886744
0.0139371
0.00833194
0.00849165
0.00819597
0.00816078
0.00826264
0.00825653
0.00819236
0.00809735
0.00820931
0.00815385
0.00810558
0.00820716
0.00814407
0.00813797
0.00815558
0.00816381
0.00862916
0.00805439
0.0141588
0.0107233
0.00836054
0.00839096
0.00858751
0.0147286
0.00865932
0.00831536
0.00829363
0.00810186
0.00816033
0.00808137
0.00850533
0.00803656
0.00811898
0.00786761
0.00961422
0.00805744
0.00826662
0.016147
0.00798375
0.00859815
0.00809062
0.0155893
0.0082099
0.00799848
0.00961046
0.00802184
0.0082355
0.00803379
0.00920274
0.0080251
0.00813183
0.00798078
0.00882637
0.00804274
0.0081333
0.00817777
0.00809905
0.0146249
0.00812645
0.00925001
0.00808589
0.0086367
0.00799939
0.00866079
0.00826992
0.0082717
0.00800874
0.00829054
0.00832898
0.00824964
0.00881691
0.00824209
0.00793561
0.00815194
0.0125523
0.00806637
0.00854408
0.0143427
0.00815001
0.00836686
0.00823846
0.00885147
0.00837449
0.00805054
0.0082888
0.00805461
0.00818273
0.00796689
0.00816712
0.00803903
0.00811742
0.00803069
0.00833995
0.00925924
0.00828517
0.00808622
0.00819748
0.0152052
0.00806919
0.00863649
0.00941772
0.00856682
0.00809799
0.00838649
0.00929418
0.00848171
0.00799395
0.00900175
0.00807844
0.00831084
0.00798635
0.00899122
0.00802036
0.00831305
0.00802632
0.00931186
0.0144395
0.00807606
0.00944038
0.00812714
0.00859811
0.0081548
0.00836559
0.00809319
0.0083037
0.00796292
0.00828477
0.00820114
0.00843837
0.00805149
0.00857776
0.0081606
0.00838287
0.00811365
0.00853364
0.0143443
0.00861115
0.0093157
0.0081148
0.00856618
0.00807237
0.00969542
0.0119014
0.00804841
0.00809737
0.00822998
0.00815404
0.00805649
0.00807935
0.00818209
0.00797446
0.00808217
0.00846832
0.00853236
0.00815338
0.0140687
0.00913497
0.00854278
0.00823159
0.00799214
0.00846977
0.00817748
0.0084773
0.007939
0.00865157
0.00810387
0.0083677
0.00801486
0.00823811
0.00799504
0.00792496
0.00799102
0.00822451
0.0080523
0.00822742
0.0139953
0.00848917
0.00834474
0.00804531
0.00830333
0.00828352
0.00822614
0.00817757
0.00823682
0.00839903
0.00798494
0.0080783
0.00807237
0.00835253
0.0108844
0.00885801
0.0088596
0.00840165
0.00845032
0.00831051
0.0142902
0.00904222
0.00927773
0.00910454
0.00809815
0.00825009
0.00804519
0.00866707
0.0081324
0.00822686
0.0081317
0.00846767
0.00805934
0.00845501
0.00799374
0.00884432
0.00829368
0.00839003
0.00823902
0.0142319
0.00889832
0.00861475
0.00899534
0.00817479
0.00851764
0.00814789
0.00832637
0.00806761
0.00823992
0.00804287
0.009213
0.00800617
0.00819076
0.00800482
0.0092273
0.00806327
0.00826643
0.00801967
0.0144762
0.00936456
0.00831524
0.00880813
0.00806948
0.00859018
0.00815271
0.00816309
0.008025
0.00840407
0.00812837
0.00837265
0.00794726
0.00858644
0.00802039
0.00874398
0.0079996
0.00828171
0.00795139
0.00885159
0.0147596
0.0081449
0.0119975
0.00800348
0.00829978
0.00820443
0.0163251
0.00852059
0.00849895
0.0101204
0.00819849
0.00812668
0.009989
0.0080658
0.00867437
0.0080345
0.0102787
0.0137847
0.00819862
0.0110816
0.0137709
0.00810944
0.0109263
0.00811188
0.00801544
0.00811251
0.0112929
0.00796162
0.00861663
0.00896674
0.00920564
0.00798661
0.0080346
0.00805184
0.00954885
0.0145701
0.00818335
0.0105184
0.00803528
0.00828221
0.00825411
0.0158186
0.00821461
0.00819013
0.00838924
0.00800072
0.00826689
0.00819072
0.00822724
0.00809522
0.0081175
0.00799087
0.0101897
0.0135365
0.00856939
0.0114079
0.00799332
0.00831601
0.00879094
0.0158909
0.0083212
0.00953042
0.00806563
0.00891969
0.00822344
0.0102224
0.0081664
0.00834418
0.00817665
0.0103146
0.00806807
0.0142193
0.0104095
0.00816994
0.00828042
0.00825457
0.018656
0.00879453
0.00827848
0.0082532
0.00791042
0.00856131
0.00993041
0.00814883
0.00808007
0.00805833
0.00980838
0.00811193
0.00803463
0.00812988
0.016058
0.00805339
0.00857843
0.0122301
0.0125767
0.00829968
0.0094769
0.00825129
0.00795735
0.00828737
0.0111281
0.00804183
0.00860108
0.00811106
0.00961997
0.0080746
0.00803985
0.0162626
0.00840846
0.00841805
0.00880042
0.00814525
0.00821819
0.00804561
0.00861582
0.00810904
0.00808943
0.00821532
0.00856879
0.00808539
0.00827782
0.00801148
0.00857772
0.00807138
0.00817504
0.00819056
0.0144023
0.00830269
0.00862441
0.00846921
0.00813466
0.00851325
0.00816264
0.00858963
0.00816731
0.00819464
0.00815605
0.00850708
0.00801435
0.00820537
0.00811379
0.00842503
0.00797112
0.00800811
0.00807907
0.00867674
0.0145393
0.00806994
0.00992568
0.00800531
0.00835459
0.00799481
0.00893462
0.00819177
0.00859983
0.00823449
0.00917617
0.00821301
0.00827793
0.00810752
0.00838666
0.00809563
0.00805752
0.00809254
0.00885896
0.00811067
0.013967
0.0098342
0.00836397
0.00859147
0.00799783
0.00907428
0.00809534
0.00891228
0.00851803
0.00879734
0.00799395
0.00841995
0.00806096
0.00865787
0.00826947
0.00864022
0.0080743
0.00842934
0.00805707
0.00867355
0.00805182
0.0161118
0.00840787
0.00842236
0.00960177
0.00915502
0.00877478
0.00814259
0.00851266
0.00805409
0.0083912
0.00807202
0.00837374
0.00806926
0.00832462
0.00812608
0.008595
0.00807047
0.00836776
0.0080507
0.00848459
0.00829645
0.013875
0.00872392
0.00826624
0.00857894
0.00803586
0.00850808
0.00809017
0.00848184
0.00810996
0.00848954
0.008035
0.00812626
0.00798266
0.00831804
0.00813148
0.00822217
0.00807655
0.00865755
0.00815269
0.00819575
0.00816918
0.0140375
0.00808101
0.00846828
0.00852936
0.00817525
0.0081372
0.00813028
0.00954241
0.00805304
0.00872776
0.00807341
0.00874019
0.00804342
0.00833936
0.00806913
0.0086529
0.00861129
0.00836777
0.00811877
0.0144175
0.00809631
0.00841365
0.00828218
0.00820936
0.00825386
0.00832582
0.00809517
0.00837105
0.00808607
0.00837889
0.00804532
0.0081389
0.00816551
0.00821811
0.00821462
0.00842393
0.00807503
0.00839564
0.00808848
0.0138809
0.00822954
0.00864255
0.0088108
0.00827232
0.00829281
0.00837803
0.00825372
0.0084074
0.00817929
0.00803082
0.00815963
0.00831894
0.00880645
0.00831668
0.00873112
0.00804389
0.00836479
0.00808106
0.00835166
0.0142913
0.00829444
0.00911789
0.00805927
0.00879628
0.00835084
0.00884683
0.00834716
0.0083747
0.00803025
0.00826014
0.00846771
0.00812803
0.00828644
0.00840047
0.0080106
0.00808116
0.00818861
0.00943397
0.0146122
0.00830054
0.00930901
0.00801026
0.00840207
0.00817954
0.0085638
0.0081458
0.00836418
0.0111851
0.00849898
0.00816132
0.00826601
0.0104268
0.00823233
0.00810043
0.00846364
0.00978216
0.00801677
0.0140773
0.0113991
0.00804139
0.00857028
0.00995979
0.00855214
0.00815439
0.0082804
0.01112
0.00824131
0.00839357
0.00826139
0.00828473
0.0082164
0.00831925
0.00826111
0.00834467
0.00821823
0.00844104
0.0138721
0.00824391
0.00832489
0.00872488
0.0083769
0.00871868
0.00808009
0.00865651
0.00815516
0.00858345
0.00800855
0.00851631
0.00823701
0.00837589
0.00809752
0.00858885
0.00805736
0.00841135
0.00809129
0.00864257
0.0141065
0.00821992
0.00880795
0.00808341
0.00841146
0.00802447
0.00821246
0.0103067
0.00827851
0.00788756
0.00831756
0.00836214
0.00834404
0.00804827
0.00840206
0.00839816
0.00853165
0.00827277
0.00866996
0.0140186
0.00803711
0.0124426
0.00821417
0.00823566
0.00894968
0.00834171
0.00825406
0.00823627
0.00844355
0.00853938
0.00825712
0.00830094
0.00824813
0.0111679
0.00873318
0.00823502
0.00905924
0.00844744
0.0143785
0.00828937
0.00964555
0.0087975
0.00813877
0.0106754
0.00907265
0.00861437
0.00811852
0.00910901
0.00868818
0.00836033
0.00821105
0.00877439
0.00823422
0.00837523
0.00815377
0.0102234
0.0082373
0.0142423
0.00996188
0.00902459
0.00828196
0.00826532
0.00908976
0.00890667
0.00820411
0.00989074
0.00966641
0.00831192
0.00819149
0.0100075
0.00882819
0.00849717
0.00824884
0.00934864
0.00820872
0.00826108
0.0154067
0.014646
0.0170631
0.0151457
0.0144528
0.0148652
0.0143733
0.0162088
0.0144154
0.0151836
0.0149484
0.0155016
0.00833392
0.014119
0.00984723
0.00849849
0.0143048
0.00951824
0.00837467
0.0142151
0.00951882
0.00824683
0.0142336
0.00960407
0.00819491
0.00847005
0.0157737
0.00817172
0.00838359
0.0163073
0.00817552
0.00825804
0.0147263
0.0083958
0.00838695
0.0152422
0.00817173
0.00823254
0.0141944
0.00899889
0.00821121
0.00829621
0.0154957
0.00828023
0.00986371
0.0151885
0.00817844
0.0141681
0.00932711
0.00790106
0.00809153
0.014455
0.00795464
0.0109294
0.0143884
0.00795454
0.0092171
0.0141695
0.00799098
0.00781361
0.0134076
0.00935757
0.007874
0.0112468
0.0146377
0.00785645
0.00796063
0.0143553
0.00794864
0.00794818
0.0144107
0.00800414
0.00790962
0.0174851
0.00791141
0.00787355
0.00818037
0.0145713
0.00816273
0.0082851
0.015249
0.00787132
0.00906249
0.0165207
0.00791721
0.0084369
0.0144495
0.00795032
0.00794987
0.00792491
0.0144693
0.00788393
0.00824441
0.0148901
0.00785417
0.00813076
0.0144267
0.00802958
0.0078711
0.0151573
0.00832107
0.00789906
0.00819824
0.0148048
0.00789448
0.00826432
0.0153822
0.00815741
0.0084223
0.0144263
0.00803206
0.00802416
0.0083254
0.0152157
0.00885412
0.00814349
0.0138246
0.00789221
0.00823572
0.0135
0.00802972
0.00794356
0.0137673
0.00820128
0.00791747
0.00804563
0.0144078
0.00783504
0.00880391
0.0137798
0.0082424
0.00788946
0.00859085
0.0138928
0.00795621
0.0080748
0.0144936
0.00802001
0.00881811
0.0135384
0.00835891
0.00786049
0.00818094
0.0139511
0.00799178
0.00815938
0.0149433
0.00846011
0.00867531
0.014105
0.00829472
0.00859303
0.0145503
0.00844819
0.00960878
0.00843118
0.0145011
0.00900514
0.00835808
0.0143865
0.00849417
0.0084097
0.0147466
0.00819394
0.0087472
0.0141377
0.00845931
0.00934671
0.0144355
0.00885732
0.00841801
0.0084313
0.0145302
0.00848743
0.00830845
0.0144914
0.00823715
0.00867517
0.0142931
0.0084598
0.00841197
0.00824474
0.0144726
0.0092038
0.00850468
0.0145634
0.00815401
0.00838485
0.014633
0.00871799
0.00847851
0.0147331
0.00843997
0.00900116
0.0147095
0.00828145
0.00931752
0.00845827
0.0143883
0.00938735
0.00822792
0.0148401
0.00942581
0.00817094
0.0143884
0.00819468
0.00861091
0.0145324
0.00819099
0.00861632
0.0147156
0.00830366
0.00860725
0.00808587
0.0143978
0.00868926
0.00829404
0.0140793
0.00914509
0.00818571
0.0143954
0.00831684
0.00846082
0.00841194
0.0142439
0.00858349
0.00861575
0.0145144
0.00861718
0.00822999
0.0144399
0.00885601
0.00817957
0.00867128
0.0151241
0.00815411
0.00864535
0.0140872
0.00850058
0.00822419
0.0145253
0.00856273
0.00889949
0.013504
0.0100264
0.00790013
0.013421
0.0104204
0.00785582
0.01347
0.0116797
0.0078996
0.0135482
0.0101019
0.00788906
0.01344
0.00828951
0.00793847
0.00870773
0.0136269
0.0101088
0.00833465
0.0135883
0.010278
0.00835619
0.0134086
0.00924413
0.0085197
0.0137557
0.00800296
0.00813636
0.0138183
0.00792954
0.00834682
0.007949
0.00827361
0.0133718
0.00795377
0.00829577
0.0135408
0.00791177
0.00783006
0.00790956
0.01423
0.00790897
0.00864581
0.0135027
0.00795491
0.0082751
0.0135469
0.00827628
0.00794307
0.0142277
0.00792257
0.00805055
0.00791146
0.0140903
0.00804598
0.00788571
0.0140048
0.00873508
0.00786814
0.00834149
0.0163818
0.00796389
0.00829089
0.0134528
0.00817537
0.00820948
0.0138092
0.0113553
0.00802517
0.0137356
0.00832832
0.00788846
0.0138651
0.0078688
0.0079061
0.00792049
0.0135216
0.0115515
0.00788424
0.0134717
0.00795197
0.00784967
0.00793716
0.0134071
0.00789214
0.00817393
0.0155082
0.00820789
0.00848662
0.0134719
0.00810736
0.00790355
0.00862903
0.0135387
0.00794453
0.00794167
0.0135877
0.00833326
0.00788107
0.0135843
0.00917119
0.00795058
0.0085306
0.0136226
0.00794843
0.00838925
0.0135799
0.00875009
0.00794405
0.0135574
0.00787474
0.00791353
0.00815537
0.0138503
0.008254
0.00804996
0.0141037
0.00835302
0.0080165
0.00801272
0.0138595
0.00801221
0.0078634
0.0139208
0.00801842
0.00785861
0.00824697
0.0134243
0.00793404
0.00792061
0.0136153
0.00811878
0.00785804
0.008255
0.0143541
0.00783898
0.00877149
0.0134393
0.00819471
0.00798139
0.0137339
0.00823524
0.00787507
0.00831684
0.0134538
0.00792801
0.00796284
0.0136978
0.00809964
0.00796406
0.0084598
0.0141434
0.00784443
0.00864521
0.0135203
0.00813996
0.00793488
0.00829103
0.0139185
0.00793381
0.0089009
0.0144698
0.00791402
0.00793803
0.0135982
0.00808196
0.00862734
0.00823205
0.0139782
0.00794425
0.00866249
0.0133795
0.00791286
0.00793873
0.0135558
0.00810389
0.00813185
0.00850979
0.0138382
0.00789185
0.00891458
0.01352
0.00814906
0.00786827
0.00826754
0.013845
0.00786138
0.00849048
0.0144409
0.00792589
0.00926898
0.0135294
0.00798105
0.00798533
0.00833932
0.0138697
0.00792261
0.00879872
0.0141754
0.0079315
0.00966122
0.0136238
0.00797912
0.00792156
0.00830682
0.0139381
0.00789793
0.00832063
0.0141477
0.00793404
0.00945656
0.0135746
0.00831253
0.00795824
0.00822496
0.0138437
0.00788889
0.00834757
0.0139718
0.00787825
0.00887875
0.00789577
0.0138219
0.00800216
0.008303
0.0138253
0.00790233
0.00851861
0.00789924
0.0138167
0.00939232
0.00799711
0.0137958
0.00873716
0.00918718
0.0138198
0.00786643
0.00999655
0.0135567
0.00788756
0.0101651
0.0135529
0.007876
0.0103037
0.0135013
0.00795213
0.00830917
0.0079297
0.00794895
0.0136259
0.00809991
0.0139222
0.00790143
0.00875572
0.00809279
0.0135204
0.00806264
0.00797437
0.0138564
0.00788604
0.00854881
0.0135278
0.00793484
0.00796299
0.00811106
0.0135024
0.00804682
0.00941894
0.0138697
0.00805407
0.010192
0.0140493
0.00786821
0.0100257
0.00783978
0.0135301
0.0081982
0.00821277
0.013737
0.00790209
0.00821542
0.0081793
0.0137936
0.00887951
0.00792201
0.0135181
0.00819755
0.00800395
0.0135573
0.00790548
0.00836052
0.00793622
0.0135636
0.0107005
0.00808916
0.0141967
0.00832906
0.00797093
0.0135567
0.00792226
0.00804532
0.00801635
0.0137331
0.0079268
0.00804155
0.0135626
0.00797736
0.00804573
0.00796867
0.0165703
0.00826028
0.00784247
0.0138216
0.00792532
0.00795635
0.00791986
0.0135307
0.00795791
0.00795758
0.0135078
0.00910548
0.00794513
0.00876345
0.0135282
0.00826685
0.00831106
0.0134535
0.00813026
0.00787892
0.0135239
0.00792443
0.00793478
0.00832575
0.0135014
0.00806825
0.00799173
0.0135675
0.00790119
0.00788425
0.00789885
0.0138108
0.00797019
0.00833521
0.0135579
0.00813998
0.00796489
0.0085537
0.0136061
0.0079237
0.00837458
0.0135081
0.00829273
0.00864603
0.0139545
0.00877284
0.00835844
0.0137064
0.00800315
0.00796129
0.00820148
0.0138196
0.008085
0.00782282
0.0237719
0.00927338
0.0134875
0.0081094
0.00814544
0.00794361
0.0137256
0.00821919
0.00793182
0.0176638
0.00834119
0.00812762
0.0134778
0.00855918
0.00784009
0.0135232
0.00828651
0.00789245
0.0086263
0.0166268
0.00789996
0.00881579
0.0134828
0.00800175
0.00784211
0.00844226
0.0134353
0.00797118
0.00792899
0.0167025
0.00785111
0.00783471
0.0139413
0.007996
0.00796499
0.00855531
0.0135043
0.00794772
0.00801614
0.018708
0.00785021
0.00864362
0.0134102
0.00791137
0.00857115
0.0136892
0.0080452
0.00790708
0.0220639
0.0146012
0.00910239
0.0135563
0.00788596
0.00808831
0.0134306
0.00787185
0.00796704
0.0136424
0.00895015
0.00934734
0.0134772
0.00805335
0.00785476
0.00819197
0.0134621
0.00791283
0.00815382
0.0134359
0.00812989
0.0110064
0.0135515
0.00806792
0.00785654
0.00822061
0.0135183
0.00794593
0.00800598
0.0137201
0.00799376
0.00796027
0.00846682
0.0144944
0.00793731
0.00858901
0.0137735
0.00799145
0.00799322
0.00805225
0.013785
0.00790162
0.00811891
0.0134889
0.00797292
0.00799384
0.0138499
0.00814825
0.00793632
0.00831675
0.0142457
0.00785951
0.00873083
0.0134187
0.00790144
0.00831339
0.00820435
0.0138606
0.00793611
0.0086652
0.0135911
0.00801569
0.00826536
0.0136374
0.00812711
0.00787829
0.00823813
0.00800211
0.0136418
0.00853283
0.0135342
0.00795217
0.00800992
0.0136048
0.00803183
0.0079634
0.00807016
0.00799998
0.0135221
0.00845743
0.0079955
0.0135549
0.0082754
0.00826016
0.0122086
0.0137173
0.00800911
0.00786996
0.0138649
0.00840558
0.00780749
0.0135716
0.00992402
0.00804759
0.00794752
0.0165474
0.00783973
0.00779831
0.0153395
0.0079379
0.00788274
0.014273
0.0132176
0.0127914
0.0134013
0.00804545
0.0134695
0.00786805
0.00798809
0.0078311
0.0135901
0.00794462
0.00802796
0.0136199
0.00795578
0.00797667
0.0135587
0.00787866
0.00893573
0.0079169
0.0136985
0.00793748
0.00800009
0.0136136
0.00796364
0.0081111
0.0134612
0.00802052
0.00796237
0.00819798
0.0138224
0.0079843
0.00836324
0.0143882
0.00790871
0.00859587
0.00794506
0.0138459
0.00794279
0.00806759
0.0135931
0.00797439
0.00831877
0.0135579
0.00839209
0.00797474
0.0082761
0.0141627
0.00800947
0.00799358
0.0137951
0.00789604
0.0084345
0.00794423
0.0137495
0.00792004
0.00824396
0.0135858
0.00811098
0.0080735
0.00817831
0.0135276
0.00825143
0.00805997
0.0138386
0.00789364
0.00829637
0.0138199
0.00790826
0.00877875
0.00814184
0.0136004
0.00792295
0.0079814
0.0139105
0.00789568
0.00829506
0.00797319
0.0138971
0.00797061
0.00821412
0.0137128
0.00790419
0.00820085
0.011385
0.0141141
0.00845134
0.0146748
0.0082479
0.00815484
0.00789675
0.0139207
0.00828563
0.00801764
0.014095
0.00813175
0.0092073
0.0142791
0.00796057
0.00810175
0.00790357
0.0136766
0.00798153
0.0079827
0.0148225
0.00889997
0.00850364
0.0139411
0.0156255
0.00795146
0.0216786
0.0078143
0.015773
0.00840184
0.00797043
0.00857441
0.0154883
0.00808462
0.00791275
0.0157627
0.00804729
0.0078558
0.0158173
0.00844838
0.00796864
0.0156099
0.00794948
0.00799429
0.0156216
0.00800872
0.00794918
0.0157751
0.00789115
0.00794059
0.00803438
0.0153766
0.00853359
0.00787794
0.0139516
0.00780941
0.0078923
0.00800839
0.0139962
0.00825683
0.00800156
0.0140778
0.00839249
0.00801794
0.0154112
0.00879872
0.00799732
0.00895847
0.0140585
0.00854015
0.00806807
0.0139782
0.00816869
0.0095241
0.0143287
0.00831352
0.0080299
0.0141806
0.00860508
0.00788994
0.0140234
0.00789229
0.00819407
0.0083308
0.0139823
0.00825494
0.00835976
0.0136907
0.00865617
0.00802298
0.013904
0.00814797
0.00798051
0.00873569
0.0137152
0.0081971
0.00798242
0.0181333
0.00823893
0.00810516
0.0139139
0.00812739
0.00791982
0.00868875
0.0138201
0.00833178
0.0079842
0.0137006
0.00925296
0.00783953
0.00804074
0.0141395
0.00784893
0.0088684
0.0137458
0.00799262
0.00786654
0.0137377
0.00855265
0.00789731
0.00849298
0.0144299
0.0079792
0.00782339
0.0135361
0.00814334
0.0078685
0.0137757
0.00858534
0.00800717
0.00861261
0.0135199
0.0084432
0.00848178
0.0138192
0.00797573
0.00820507
0.0083733
0.0136839
0.00809761
0.00853389
0.0135487
0.00825387
0.00850993
0.0138205
0.00801248
0.00796522
0.00797934
0.0133875
0.00813671
0.00794977
0.0134454
0.00827256
0.00793248
0.0139348
0.0086699
0.00836633
0.00892507
0.0136822
0.00810284
0.00798633
0.013472
0.0083982
0.0081797
0.00862045
0.014221
0.00803534
0.00833627
0.0138469
0.00811466
0.00801973
0.0137177
0.0084658
0.00790527
0.00819997
0.0139324
0.007954
0.00859099
0.0136866
0.00805198
0.00792681
0.0140264
0.00813507
0.00785638
0.00822294
0.0136456
0.00796389
0.00835312
0.0137599
0.00861578
0.00786039
0.00825456
0.0137199
0.00818811
0.00793005
0.0139223
0.00799935
0.0083217
0.0185274
0.00791553
0.00785653
0.00787392
0.0138272
0.00785301
0.00794878
0.0144355
0.00790333
0.00819505
0.0134553
0.0123183
0.00806683
0.013455
0.00802394
0.00791809
0.00798787
0.0140627
0.00794461
0.00809096
0.0133771
0.0113236
0.00845893
0.0136137
0.00842274
0.00806146
0.0137952
0.00839165
0.00796682
0.00876401
0.0141579
0.0114208
0.00820775
0.014125
0.00786525
0.00831876
0.0134925
0.00792021
0.00793128
0.00803218
0.0139216
0.0107798
0.00787428
0.013655
0.00790495
0.00800256
0.00791708
0.0136164
0.00796042
0.00800617
0.0135896
0.0113296
0.0078806
0.0155501
0.00868153
0.00799475
0.0140342
0.00790722
0.0081743
0.013578
0.00804232
0.0110184
0.0137029
0.00798701
0.0080219
0.0082176
0.0138477
0.00792697
0.00827338
0.0146923
0.00788651
0.0123337
0.014074
0.0078587
0.00821879
0.00780598
0.013826
0.00792804
0.00790096
0.0139123
0.00784681
0.00968083
0.0139141
0.00789449
0.00822962
0.00790692
0.0136835
0.00799214
0.00821936
0.0140052
0.00791011
0.0108055
0.0137387
0.00788752
0.0083005
0.00790226
0.0141935
0.00797032
0.0081525
0.0184218
0.0111615
0.00782136
0.0136106
0.00894378
0.00788341
0.0135253
0.00879736
0.00819111
0.00837041
0.0139388
0.0113709
0.0136698
0.0079355
0.00809179
0.00796346
0.0139101
0.00801155
0.00797693
0.0137178
0.00793152
0.0102863
0.0140617
0.00799828
0.0083385
0.00796379
0.0139118
0.00793108
0.00792197
0.0138551
0.00797626
0.00829291
0.0138128
0.00792663
0.00812633
0.00798045
0.0139779
0.0081429
0.00815728
0.0139475
0.00803478
0.0080649
0.00838693
0.0138261
0.00893156
0.00815058
0.0136056
0.00799074
0.00829176
0.0139156
0.00797724
0.00816534
0.00818431
0.0135851
0.00793083
0.00795023
0.0140697
0.00790597
0.00801803
0.00829819
0.0135186
0.0086151
0.00814334
0.00899864
0.0136315
0.00792372
0.00841609
0.0135147
0.00802892
0.00852867
0.0138771
0.00856567
0.00818395
0.0139354
0.00798026
0.00790021
0.00844563
0.0141019
0.00802593
0.00834546
0.0135516
0.00806217
0.00817388
0.00982138
0.0136181
0.00815065
0.00790106
0.0135639
0.00800896
0.00790797
0.00810678
0.0134421
0.00809461
0.00796731
0.0135553
0.00800991
0.00829415
0.0137587
0.007756
0.00793805
0.0123579
0.0140398
0.00788714
0.00879908
0.0134516
0.00857847
0.00793956
0.0135619
0.00795947
0.00790632
0.013949
0.00823989
0.00842702
0.00805937
0.0134085
0.00839266
0.00835807
0.014079
0.0084902
0.00833015
0.00818312
0.0137897
0.00853841
0.00825043
0.0136345
0.00817772
0.00793688
0.0137327
0.00811955
0.00834188
0.00813114
0.013628
0.00858556
0.00801396
0.0135786
0.00863174
0.0080372
0.013556
0.00830907
0.00808372
0.00894363
0.0138311
0.00822509
0.0081901
0.0137903
0.0087823
0.00803717
0.00810886
0.0135256
0.00903321
0.00826448
0.0135269
0.00935506
0.0079184
0.0137652
0.00920083
0.0078555
0.0137771
0.0095974
0.011225
0.00811342
0.0165501
0.00867942
0.00993059
0.0171963
0.00951505
0.0139263
0.00900037
0.00801779
0.00879328
0.0145335
0.00844882
0.00807096
0.0140349
0.00791371
0.00812661
0.0135233
0.00801114
0.00793827
0.00792982
0.0136573
0.0079262
0.00793599
0.0146299
0.00787913
0.00883817
0.0135158
0.00800291
0.00800639
0.00791669
0.013973
0.00792502
0.00797495
0.013486
0.00792748
0.00787997
0.00794806
0.0136263
0.00791188
0.00824927
0.0169507
0.00790967
0.00800053
0.0135215
0.00800188
0.00799987
0.00804689
0.0139933
0.00794729
0.00815623
0.0141928
0.00786268
0.00900188
0.0136244
0.00793445
0.00791223
0.00814242
0.0137111
0.00788253
0.00808354
0.0135295
0.00803148
0.00799674
0.00802132
0.0140424
0.00805126
0.00837209
0.0138845
0.00806658
0.00852853
0.013658
0.00845486
0.00806926
0.00825111
0.0138534
0.00819359
0.00823148
0.0145026
0.00817241
0.00822641
0.00790935
0.0135899
0.00823328
0.00800653
0.0137919
0.00794377
0.00807558
0.0136056
0.00804409
0.0080151
0.00803038
0.013683
0.00796003
0.00797897
0.0134681
0.00799801
0.00799693
0.014708
0.00801733
0.00861243
0.00804908
0.014043
0.00786202
0.008282
0.0140637
0.00807038
0.00808587
0.00830704
0.013924
0.00784247
0.00815987
0.0086062
0.0142684
0.00826573
0.0137667
0.00808765
0.00803263
0.00887851
0.0149481
0.00793352
0.00824689
0.0144789
0.00792066
0.00841476
0.0145994
0.00796135
0.00826447
0.00792642
0.014001
0.00791237
0.00821036
0.0139284
0.00781508
0.0082908
0.00814984
0.0143756
0.0090535
0.00785703
0.0138586
0.00791445
0.0117365
0.0134881
0.00799001
0.00798238
0.0136599
0.00788612
0.00806484
0.00790474
0.0136694
0.00797129
0.00913719
0.0135865
0.00783948
0.00797553
0.00791839
0.013631
0.00804524
0.00807044
0.0136201
0.00794527
0.00827022
0.007926
0.0142266
0.00818981
0.0080739
0.013818
0.00830263
0.00894839
0.0135673
0.00792128
0.00820492
0.0100338
0.0135507
0.00813305
0.00986672
0.0135586
0.00813644
0.00991075
0.0137946
0.00795038
0.00827703
0.013812
0.00790169
0.00877027
0.0141052
0.00798511
0.00851946
0.00882032
0.0138222
0.00803411
0.0081667
0.0139806
0.008845
0.00837014
0.00835781
0.0138844
0.00874862
0.00799162
0.0139714
0.00796059
0.00811114
0.0135038
0.00874404
0.00814008
0.0085407
0.0135307
0.00956331
0.00796002
0.0135402
0.00798365
0.00807008
0.0142053
0.00818312
0.00801713
0.00865172
0.0135987
0.00887587
0.00788628
0.013627
0.00810574
0.00933902
0.0102706
0.00939388
0.0085372
0.0078792
0.00840566
0.00789554
0.00873532
0.00801052
0.0161962
0.010589
0.00879712
0.00820547
0.00850302
0.00824006
0.00824056
0.00803751
0.00853992
0.00886166
0.0081983
0.00906286
0.00810616
0.00795497
0.00792872
0.00797302
0.00831939
0.00802891
0.00867309
0.00792751
0.00856628
0.00809043
0.00866431
0.00857683
0.00799289
0.0091115
0.00830466
0.00800371
0.0078794
0.00789192
0.00866519
0.00790776
0.00851766
0.00803337
0.00862129
0.00796721
0.00870103
0.00801344
0.00844833
0.00795733
0.00869403
0.00802313
0.00873991
0.00823334
0.00809291
0.00823516
0.00845359
0.00890846
0.00793589
0.00791649
0.00844626
0.00795539
0.00865966
0.0080049
0.00843492
0.00792146
0.00883843
0.0111685
0.00781987
0.00788287
0.00853686
0.00792518
0.00789882
0.00789618
0.0080018
0.00790374
0.00815922
0.00800732
0.00886176
0.00910331
0.0110583
0.00792837
0.00973193
0.00790335
0.00795774
0.00827702
0.0081504
0.00832703
0.00809076
0.00804239
0.00829664
0.0111333
0.00799296
0.0079383
0.00853264
0.00814862
0.00832952
0.0082544
0.0081263
0.00799706
0.00836841
0.00793642
0.0138912
0.00792679
0.00790372
0.00799778
0.0127907
0.00810142
0.00820424
0.0144521
0.00826441
0.00814445
0.0131355
0.0087985
0.00825923
0.00843256
0.0131544
0.00888902
0.00807699
0.00896637
0.0082265
0.00874657
0.00833551
0.00890036
0.00805827
0.00857832
0.00818002
0.00875757
0.00805269
0.00876305
0.00907493
0.00831318
0.00832251
0.0081361
0.0086351
0.00825872
0.00811689
0.0080111
0.00820003
0.00820498
0.00835951
0.0118757
0.00846715
0.00812812
0.00822597
0.00798275
0.0105308
0.00802554
0.00792699
0.00804842
0.0102069
0.00793824
0.00804626
0.0081174
0.00836536
0.00801598
0.00808552
0.00817204
0.00817147
0.00799171
0.0080522
0.00797173
0.00845554
0.00797105
0.00838929
0.00794176
0.00852143
0.00788186
0.00831954
0.00792176
0.00874799
0.00801501
0.00847447
0.00852765
0.00814616
0.0078659
0.00825086
0.00805443
0.00892994
0.00803366
0.00850072
0.00872896
0.00802561
0.00812723
0.00874624
0.00785293
0.00870421
0.00806434
0.00819487
0.0080426
0.00879157
0.00806504
0.0086176
0.00944064
0.00886046
0.0080281
0.00892619
0.00806546
0.00821011
0.00805729
0.00908581
0.00808319
0.00915546
0.0108925
0.0120797
0.00815214
0.00792444
0.00837239
0.00851241
0.00852472
0.00852074
0.0085627
0.00820312
0.00884497
0.00808902
0.00822344
0.009787
0.00837803
0.00862975
0.0089621
0.0132652
0.00782479
0.00798208
0.0130051
0.00801764
0.0077786
0.00890586
0.0136255
0.00795385
0.00915698
0.014645
0.00846586
0.00977187
0.0121116
0.00798714
0.00823315
0.00866679
0.0126992
0.00823681
0.00946558
0.0134809
0.00811183
0.0174097
0.0146446
0.00804162
0.00859891
0.0121754
0.00797714
0.00922626
0.0138339
0.00789165
0.00813744
0.0138902
0.0079493
0.00857793
0.00817995
0.00802453
0.00805448
0.00855645
0.00814174
0.00857891
0.00813918
0.00857504
0.00804996
0.00838176
0.00832817
0.00812798
0.00836208
0.00819734
0.00830789
0.00860275
0.00810217
0.00832812
0.00797136
0.00888554
0.00840928
0.00837062
0.00800059
0.00868472
0.00865027
0.00811136
0.00815818
0.00802533
0.0102317
0.0080554
0.00798418
0.00792578
0.00996599
0.00776599
0.00789355
0.00794505
0.00808599
0.00807534
0.00801414
0.00790469
0.00821884
0.00795982
0.00841657
0.00790369
0.0082421
0.00860512
0.00811209
0.00837088
0.00831432
0.00860301
0.00818302
0.00889265
0.00823194
0.00795646
0.00940232
0.00795981
0.008192
0.00804639
0.0081442
0.00842601
0.00817038
0.0079947
0.00814319
0.00852026
0.00818056
0.00825481
0.00809932
0.00834806
0.00722132
0.0134703
0.00989543
0.0114426
0.0110261
0.00813653
0.00917133
0.00900552
0.00849852
0.00831334
0.00890884
0.00911408
0.00814122
0.00823771
0.0170059
0.011478
0.00802688
0.0172905
0.00898937
0.0114912
0.0113169
0.00806233
0.00787859
0.00822915
0.00874531
0.00801896
0.00888665
0.00804559
0.00894321
0.0082353
0.0113827
0.00827108
0.00816855
0.00795615
0.00868813
0.00791226
0.0086157
0.00855963
0.00816483
0.00868805
0.00811016
0.00793947
0.00855899
0.00817414
0.00816289
0.00796721
0.0087386
0.00799703
0.0166975
0.0108614
0.0094049
0.00987628
0.0089392
0.00799307
0.00903512
0.00796722
0.0088715
0.0080287
0.00799817
0.0079552
0.00790399
0.00826356
0.00863926
0.00805255
0.00788507
0.00813021
0.00886516
0.00836823
0.00835636
0.00828366
0.00835486
0.00791834
0.00799508
0.00841522
0.0179549
0.0112873
0.0083293
0.00842246
0.00843733
0.0085221
0.0080714
0.00846042
0.00798733
0.00833158
0.00800084
0.00828542
0.00799609
0.00896764
0.00819596
0.00854919
0.00995048
0.00830101
0.00790284
0.00830914
0.0105642
0.0084368
0.00827696
0.00821851
0.00969223
0.0079306
0.0078741
0.00853726
0.0079177
0.0079475
0.00820365
0.0080106
0.00851817
0.00809586
0.00867633
0.00819304
0.0081796
0.0120065
0.00812713
0.0133798
0.00809599
0.0083127
0.00900834
0.00795952
0.00811418
0.00803293
0.00883713
0.00800308
0.00803574
0.00846715
0.00823132
0.00814277
0.00824572
0.00871793
0.00863024
0.00798595
0.00826642
0.00804322
0.00831164
0.0081729
0.010437
0.00791354
0.00797639
0.00818498
0.00793517
0.00830851
0.00790758
0.00792559
0.00822099
0.00837172
0.00816016
0.00835112
0.0109494
0.00780263
0.00846067
0.00804362
0.00797584
0.00805563
0.00853903
0.00804947
0.00815504
0.00800276
0.0084508
0.00818006
0.011286
0.0085205
0.00804836
0.00832647
0.0079594
0.00791114
0.00797665
0.00793963
0.00798937
0.00791502
0.0196876
0.012417
0.00811551
0.00801159
0.00839073
0.00794174
0.00848352
0.00808936
0.00799519
0.00870697
0.00796222
0.00858715
0.00863724
0.00921271
0.00808311
0.00798165
0.00794769
0.00821355
0.00801962
0.00823606
0.00802499
0.00851577
0.0081888
0.00845649
0.00804733
0.0102809
0.00794938
0.00798176
0.00803384
0.00791749
0.0110269
0.00872592
0.00837563
0.00904458
0.00801465
0.00809248
0.00977285
0.0080682
0.00790479
0.00796996
0.00799608
0.00848008
0.00790412
0.00791119
0.0079337
0.00841729
0.00803174
0.00849996
0.00793024
0.00925273
0.00801222
0.00817095
0.007929
0.00881408
0.00800673
0.00849362
0.00801136
0.00906307
0.00813078
0.00805254
0.00818949
0.00859419
0.00796067
0.00846012
0.00788216
0.00891117
0.00791601
0.00849901
0.00805699
0.00859498
0.00790352
0.00860038
0.0079078
0.0088263
0.00805119
0.00819088
0.00800444
0.00840477
0.00800096
0.00892446
0.00804318
0.00807032
0.00803668
0.00870599
0.00801637
0.0103397
0.00801071
0.00815936
0.00795628
0.00819233
0.0081347
0.00830541
0.00799362
0.00829342
0.00785759
0.00858708
0.00799146
0.00825989
0.00812501
0.0083698
0.00801064
0.00893211
0.00792895
0.00886371
0.00791161
0.00890259
0.00790521
0.00781053
0.00786398
0.00808611
0.0080648
0.0115916
0.0103591
0.00806099
0.00792107
0.0085215
0.00796702
0.00874759
0.00799471
0.00846673
0.00795998
0.00861392
0.00799419
0.00844353
0.00798101
0.00865485
0.00794605
0.00855182
0.00812561
0.00857626
0.00794926
0.00856264
0.00785212
0.00860385
0.00793108
0.00874522
0.00802615
0.00865948
0.00797262
0.00802156
0.00788897
0.0124856
0.00786515
0.00792689
0.0111036
0.00944049
0.0080162
0.00795612
0.0139322
0.00796693
0.0081454
0.0134185
0.00785223
0.0079728
0.00789755
0.0132634
0.0078611
0.00793677
0.0130404
0.00800808
0.00790074
0.00799813
0.0137419
0.0078241
0.00796977
0.0133197
0.00796223
0.0079335
0.00786192
0.0121425
0.00820364
0.00795266
0.0135092
0.00794507
0.00790912
0.00782331
0.0122107
0.0078591
0.00792255
0.0120592
0.00784563
0.00799866
0.00805531
0.0140478
0.00794525
0.00792494
0.0120951
0.00786397
0.00790489
0.00803726
0.0140535
0.00791407
0.00811555
0.0128544
0.00788773
0.00780875
0.00795923
0.0140662
