82577684928
82577723431
82577749006
82577786676
82577822357
82577858175
82577886026
82577922634
82577957445
82577991100
82578017155
82578058589
82578085202
82578126013
82578158575
82578183309
82578225149
82578258392
82578283472
82578324354
82578368305
82578393920
82578427918
82578453024
82578494105
82578519118
82578550963
82578591794
82578625882
82578659673
82578692707
82578726379
82578760896
82578794578
82578819890
82578861327
82578893732
82578926103
82578958485
82578990992
82579024264
82579057723
82579092567
82579127244
82579160614
82579195108
82579228793
82579262273
82579296659
82579330379
82579362504
82579396606
82579429701
82579463614
82579498779
82579525074
82579562268
82579596881
82579630346
82579663954
82579697822
82579732666
82579767329
82579792119
82579834806
82579860745
82579896713
82579933047
82579966792
82580001866
82580027566
82580062074
82580096003
82580129144
82580162258
82580202732
82580230287
82580263933
82580298324
82580333150
82580371281
82580399068
82580434226
82580468568
82580495195
82580538765
82580563952
82580598490
82580631357
82580663234
82580696279
82580739998
82580765392
82580798851
82580833711
82580868284
82580902498
82580936475
82580970077
82581004110
82581037647
82581071349
82581125209
82581140322
82581175610
82581202184
82581237195
82581273864
82581300348
82581344547
82581369853
82581402956
82581436203
82581469346
82581502525
82581535001
82581568204
82581609364
82581643904
82581700336
82581714701
82581739682
82581774433
82581809135
82581843205
82581876784
82581910294
82581935270
82581979283
82582004028
82582039701
82582074586
82582109698
82582144106
82582177751
82582204398
82582248181
82582274230
82582308355
82582344040
82582377676
82582411140
82582443874
82582477726
82582511461
82582543773
82582576855
82582610697
82582644162
82582682590
82582713418
82582743886
82582781734
82582812345
82582872307
82582902365
82582917897
82582948160
82582979352
82583012418
82583045831
82583078976
82583111182
82583143744
82583176083
82583216840
82583249711
82583282098
82583315174
82583351018
82583376195
82583413956
82583448679
82583482648
82583517475
82583550723
82583583901
82583618771
82583644757
82583686938
82583712390
82583753543
82583786252
82583818454
82583851120
82583884080
82583916837
82583949456
82583983222
82584017974
82584052448
82584086393
82584120928
82584154932
82584180972
82584223350
82584247947
82584289885
82584322567
82584348973
82584391286
82584417016
82584450551
82584483685
82584518365
82584551606
82584585224
82584619065
82584651273
82584684548
82584726407
82584753516
82584818460
82584832618
82584858669
82584884585
82584926947
82584953755
82584988557
82585023670
82585058426
82585093732
82585126465
82585151416
82585192362
82585225686
82585259031
82585292317
82585327297
82585361830
82585395214
82585419510
82585463059
82585487624
82585530003
82585555841
82585589247
82585630221
82585655229
82585687275
82585727694
82585761030
82585794540
82585827511
82585862266
82585895498
82585930244
82585963283
82585998387
82586025743
82586062041
82586094939
82586128591
82586161848
82586195705
82586229871
82586264525
82586298876
82586332847
82586367317
82586393951
82586435505
82586462459
82586497020
82586531783
82586566617
82586600602
82586634846
82586674691
82586734677
82586760026
82586773774
82586798526
82586833072
82586867954
82586931937
82586956683
82586970481
82587031859
82587045415
82587070357
82587102375
82587134929
82587167860
82587200282
82587233303
82587265947
82587299117
82587340798
82587366437
82587400252
82587434457
82587467882
82587501699
82587534874
82587569200
82587603831
82587639166
82587672439
82587706366
82587738784
82587772111
82587805408
82587838867
82587872763
82587905944
82587939101
82587972936
82588006102
82588038846
82588071763
82588105106
82588138040
82588171869
82588206305
82588240163
82588273724
82588344385
82588369012
82588384611
82588409445
82588443523
82588477317
82588511212
82588535296
82588577999
82588605023
82588639067
82588673086
82588707017
82588741099
82588775162
82588808849
82588841973
82588875100
82588908175
82588941423
82588975543
82589008027
82589041377
82589074773
82589115069
82589140804
82589174027
82589215156
82589240874
82589282477
82589315430
82589342157
82589383107
82589408565
82589441992
82589483236
82589508943
82589550255
82589583168
82589609354
82589651010
82589676518
82589709838
82589750618
82589775573
82589816601
82589849994
82589882804
82589916382
82589949975
82589982363
82590015547
82590048572
82590081891
82590115225
82590147918
82590182348
82590216265
82590250039
82590283811
82590318564
82590355283
82590381233
82590416120
82590450213
82590482948
82590515601
82590548405
82590581483
82590622354
82590654430
82590679583
82590720386
82590754097
82590786929
82590819702
82590852312
82590885118
82590917708
82590950345
82590984940
82591020088
82591053484
82591086410
82591119455
82591151702
82591183469
82591215276
82591256652
82591289783
82591322537
82591355988
82591388632
82591421829
82591455066
82591488082
82591521077
82591554146
82591587201
82591620510
82591653062
82591694360
82591721677
82591756365
82591790397
82591823320
82591856748
82591889971
82591923339
82591960935
82592000297
82592028857
82592062338
82592118172
82592131956
82592157149
82592189527
82592230213
82592263326
82592288087
82592329336
82592362490
82592387787
82592428995
82592462090
82592495111
82592528143
82592561646
82592594185
82592628363
82592662251
82592695789
82592728761
82592761697
82592795770
82592830619
82592864410
82592897303
82592930333
82592962980
82592996217
82593029882
82593063335
82593096856
82593129918
82593163119
82593196031
82593229938
82593263676
82593299129
82593334502
82593363854
82593397839
82593430989
82593464963
82593498302
82593531654
82593564370
82593597081
82593630764
82593663793
82593696336
82593729401
82593770582
82593802165
82593835089
82593868134
82593901002
82593934071
82593967026
82594000349
82594033857
82594066927
82594099736
82594132866
82594167536
82594202040
82594235553
82594269495
82594302601
82594335760
82594369796
82594402684
82594435476
82594467286
82594501028
82594535487
82594567245
82594599365
82594639968
82594672488
82594705042
82594737988
82594771937
82594806101
82594840074
82594874321
82594933396
82594971838
82595000896
82595038940
82595067650
82595081404
82595131678
82595168001
82595203473
82595240648
82595267920
82595281439
82595317051
82595367690
82595402599
82595418393
82595453171
82595478573
82595514522
82595549186
82595584287
82595620957
82595669288
82595706788
82595721463
82595770329
82595806935
82595835925
82595849546
82595878517
82595914382
82595943440
82595975506
82596007412
82596039501
82596079810
82596112706
82596145498
82596178581
82596212543
82596247050
82596281461
82596314530
82596348484
82596382516
82596416533
82596449156
82596483368
82596517181
82596551027
82596575639
82596617500
82596650252
82596684281
82596718163
82596751821
82596786884
82596812347
82596845902
82596914618
82596928684
82596953787
82596986329
82597018329
82597050885
82597085402
82597120301
82597175959
82597209896
82597223830
82597277982
82597311544
82597352387
82597379181
82597415387
82597450091
82597463724
82597489073
82597522924
82597548392
82597590840
82597624190
82597649422
82597691360
82597716357
82597758362
82597786274
82597819509
82597854145
82597887726
82597921577
82597955440
82597989214
82598023599
82598057117
82598090102
82598122630
82598156734
82598189499
82598222215
82598254956
82598289265
82598322422
82598359143
82598394579
82598421013
82598453884
82598494543
82598519689
82598560704
82598594200
82598627896
82598662313
82598695802
82598721952
82598763745
82598789916
82598832013
82598857356
82598890982
82598925289
82598959308
82598992177
82599026983
82599060776
82599095383
82599128277
82599161350
82599195610
82599229499
82599263201
82599299098
82599324216
82599365908
82599398891
82599423718
82599464340
82599497020
82599530482
82599564129
82599597265
82599631281
82599664125
82599697044
82599730445
82599763860
82599797479
82599830887
82599864275
82599897975
82599931278
82599964722
82599998211
82600031599
82600064906
82600097987
82600131709
82600164957
82600198639
82600232116
82600266432
82600330499
82600364756
82600389753
82600403379
82600436534
82600470550
82600503889
82600538519
82600572609
82600598491
82600638988
82600664445
82600705466
82600738093
82600770706
82600803216
82600836140
82600869115
82600901814
82600934550
82600974260
82601006979
82601031840
82601074051
82601107115
82601165221
82601179057
82601205425
82601240836
82601274863
82601307954
82601342703
82601370390
82601404486
82601438256
82601473745
82601508474
82601545010
82601571546
82601605160
82601639188
82601673010
82601707308
82601740288
82601772873
82601807593
82601840086
82601872963
82601908307
82601941817
82601977375
82602011166
82602044070
82602076923
82602110265
82602144747
82602179286
82602203706
82602245905
82602278616
82602311369
82602344371
82602377103
82602409730
82602443308
82602476708
82602509171
82602542185
82602583364
82602607942
82602640023
82602681748
82602714439
82602747294
82602780330
82602813892
82602847258
82602879918
82602913969
82602947431
82602981499
82603015558
82603049997
82603084094
82603118888
82603145058
82603187928
82603214404
82603249010
82603283912
82603318695
82603378796
82603393065
82603420794
82603448090
82603508105
82603522620
82603547808
82603581586
82603614545
82603654827
82603687131
82603716475
82603752029
82603779940
82603817124
82603852706
82603881942
82603919284
82603956463
82603984988
82604021341
82604049377
82604083824
82604117931
82604153811
82604192853
82604217151
82604252417
82604290056
82604315960
82604350067
82604385797
82604424560
82604461601
82604485889
82604524242
82604560810
82604585469
82604622962
82604660417
82604685163
82604726455
82604758513
82604790468
82604823234
82604855963
82604889005
82604922141
82604955144
82604987858
82605020355
82605053443
82605095652
82605120827
82605155293
82605187611
82605221940
82605262370
82605295649
82605321297
82605361509
82605393666
82605427007
82605459576
82605491974
82605523669
82605555563
82605587532
82605629212
82605661579
82605694446
82605727217
82605761999
82605794324
82605826979
82605860511
82605892958
82605925769
82605958157
82605998336
82606030466
82606062731
82606094970
82606127467
82606159385
82606191436
82606223521
82606263973
82606296307
82606328774
82606363241
82606396276
82606429366
82606463149
82606496176
82606530527
82606563959
82606597893
82606633487
82606667304
82606699920
82606735393
82606759403
82606800595
82606833164
82606866571
82606900933
82606936834
82606972234
82606997954
82607031022
82607064670
82607098571
82607138651
82607170488
82607202716
82607235279
82607269323
82607303422
82607335761
82607368094
82607400615
82607432986
82607467125
82607500616
82607533544
82607565737
82607611081
82607646790
82607672907
82607709003
82607737759
82607795642
82607810705
82607838481
82607874060
82607908663
82607944984
82607972344
82608007979
82608042338
82608075327
82608100200
82608141360
82608174586
82608209934
82608244840
82608270614
82608311032
82608336317
82608378524
82608411241
82608435987
82608476686
82608510193
82608543127
82608576602
82608610474
82608643567
82608676789
82608744873
82608772973
82608798037
82608811794
82608845339
82608878560
82608911363
82608944589
82608977283
82609010937
82609044859
82609078248
82609111853
82609144955
82609178044
82609211256
82609244456
82609280115
82609313494
82609347924
82609381875
82609424387
82609473413
82609487820
82609513576
82609547682
82609581939
82609620189
82609649150
82609682355
82609723836
82609751355
82609776551
82609820703
82609847646
82609882658
82609922884
82609949581
82609987843
82610013981
82610047064
82610080589
82610146003
82610160991
82610188191
82610213398
82610253827
82610287113
82610319265
82610353652
82610387582
82610411754
82610452523
82610485574
82610520111
82610553792
82610586439
82610619687
82610653321
82610687001
82610721207
82610756813
82610791205
82610816797
82610850668
82610884729
82610919044
82610953028
82610987831
82611022677
82611058295
82611091384
82611117156
82611158630
82611191223
82611216754
82611258221
82611290966
82611325139
82611359207
82611385106
82611427128
82611453546
82611489256
82611524577
82611558238
82611591535
82611624854
82611658753
82611691211
82611723652
82611756185
82611789073
82611821748
82611862107
82611894420
82611920507
82611962840
82611988762
82612022787
82612057612
82612093014
82612128548
82612162432
82612195200
82612228555
82612261987
82612296100
82612332766
82612358145
82612399794
82612426228
82612459255
82612493828
82612527660
82612560861
82612593633
82612627575
82612690115
82612703996
82612729275
82612762664
82612795297
82612828182
82612859869
82612891724
82612932484
82612965932
82612998709
82613032169
82613065200
82613098477
82613131891
82613164672
82613198880
82613232115
82613264999
82613308197
82613333455
82613366938
82613400293
82613434075
82613468395
82613501922
82613534482
82613566874
82613599795
82613632177
82613664696
82613697402
82613738038
82613763639
82613798338
82613831853
82613864802
82613898168
82613939191
82613963897
82614007060
82614039727
82614064630
82614106986
82614131847
82614165274
82614206525
82614239382
82614272403
82614305964
82614338862
82614372673
82614405158
82614437645
82614470256
82614504251
82614538065
82614572511
82614606404
82614640767
82614675171
82614701863
82614744408
82614770946
82614804886
82614840111
82614874177
82614907396
82614940541
82614973782
82615006927
82615040262
82615072824
82615105552
82615138863
82615179167
82615203791
82615235857
82615276406
82615308971
82615342074
82615374866
82615407368
82615440557
82615473939
82615507181
82615540561
82615573496
82615614683
82615647210
82615679195
82615711963
82615745320
82615778595
82615811877
82615845521
82615880317
82615913676
82615946965
82615980568
82616013600
82616047350
82616081296
82616114681
82616148421
82616181340
82616214210
82616247136
82616280514
82616314126
82616348470
82616382419
82616416567
82616449698
82616482457
82616515203
82616548011
82616580890
82616623059
82616647742
82616680714
82616713306
82616745919
82616780874
82616813184
82616846033
82616886637
82616918742
82616951057
82616983437
82617015734
82617048065
82617080458
82617112833
82617155139
82617180181
82617221078
82617253930
82617286972
82617320415
82617354641
82617387409
82617421318
82617455343
82617489458
82617522118
82617554753
82617587572
82617620333
82617653836
82617687229
82617720933
82617754809
82617788769
82617822156
82617855420
82617888521
82617921693
82617954758
82617987838
82618025485
82618063235
82618092522
82618131393
82618160529
82618191100
82618228023
82618257574
82618326156
82618352736
82618387044
82618400839
82618426123
82618459438
82618492855
82618526272
82618559828
82618593686
82618627626
82618661390
82618694681
82618727560
82618760878
82618795567
82618830688
82618864051
82618889520
82618924700
82618958805
82618994473
82619029847
82619063396
82619097329
82619131043
82619155943
82619196871
82619230807
82619262929
82619296481
82619330942
82619367060
82619393612
82619427256
82619460945
82619495553
82619528704
82619562218
82619595665
82619628613
82619662563
82619697505
82619731535
82619764422
82619798271
82619832446
82619866322
82619899381
82619933527
82619967482
82620002239
82620036235
82620062416
82620096368
82620129498
82620170732
82620203279
82620228406
82620270829
82620304105
82620337384
82620397182
82620410793
82620437305
82620469911
82620502699
82620535577
82620569684
82620605827
82620639346
82620664899
82620706709
82620739233
82620770965
82620804509
82620837728
82620880255
82620904968
82620937915
82620971097
82621003953
82621037125
82621070392
82621103632
82621135958
82621168022
82621200287
82621240799
82621273881
82621306982
82621340566
82621373979
82621407615
82621442905
82621469454
82621538972
82621565048
82621578563
82621641825
82621666690
82621680206
82621704155
82621736399
82621778474
82621811771
82621837097
82621878602
82621911270
82621944467
82621976991
82622009643
82622042219
82622075025
82622107981
82622141594
82622175210
82622208251
82622241330
82622275711
82622308122
82622340187
82622373680
82622415433
82622440031
82622481652
82622515533
82622542043
82622583479
82622608426
82622642096
82622682859
82622708356
82622750402
82622805340
82622840077
82622854128
82622888667
82622915040
82622948013
82622980884
82623014104
82623047989
82623082041
82623115635
82623148378
82623181316
82623214314
82623247197
82623287344
82623312613
82623355368
82623381387
82623415237
82623457149
82623481890
82623514834
82623555575
82623580813
82623614210
82623655376
82623681174
82623714022
82623754677
82623787526
82623821430
82623855138
82623880841
82623922364
82623948143
82623981447
82624022551
82624055180
82624087745
82624120574
82624153484
82624186447
82624219593
82624252417
82624285988
82624319295
82624352751
82624386149
82624419403
82624451929
82624483968
82624516046
82624556426
82624589691
82624622752
82624656553
82624692251
82624724983
82624759477
82624786638
82624822673
82624856487
82624889826
82624924195
82624958157
82624993753
82625020863
82625054548
82625094896
82625127352
82625161146
82625194195
82625227302
82625260842
82625293801
82625327120
82625359724
82625392713
82625425931
82625458593
82625491612
82625525227
82625557998
82625592718
82625627331
82625660156
82625693006
82625726301
82625759628
82625792550
82625825356
82625858585
82625899270
82625931089
82625964009
82625996416
82626028930
82626061477
82626093959
82626126499
82626167022
82626198986
82626231755
82626264929
82626298188
82626330589
82626372547
82626398161
82626430870
82626463339
82626503221
82626528050
82626560869
82626601760
82626635469
82626660983
82626703179
82626728638
82626769741
82626802781
82626834877
82626867415
82626901028
82626934165
82626967082
82627000383
82627033375
82627067387
82627100514
82627133502
82627166009
82627198417
82627239169
82627271135
82627305252
82627338780
82627371091
82627404917
82627440733
82627465341
82627506669
82627539375
82627572257
82627605319
82627638382
82627672828
82627707089
82627739603
82627773685
82627807832
82627841221
82627875798
82627901492
82627942977
82627976261
82628001682
82628043631
82628070076
82628111391
82628144585
82628169018
82628218357
82628264632
82628278799
82628332897
82628367873
82628401196
82628414720
82628440290
82628473350
82628507403
82628541006
82628604459
82628617962
82628643461
82628676662
82628710110
82628751748
82628785781
82628819929
82628853892
82628879387
82628912959
82628946498
82628979784
82629013681
82629047112
82629080012
82629113370
82629146841
82629180398
82629214054
82629247326
82629281116
82629314464
82629349188
82629382169
82629415497
82629448738
82629481880
82629515104
82629548206
82629583058
82629615870
82629649007
82629691459
82629716974
82629750482
82629784215
82629818090
82629852416
82629878291
82629919804
82629945072
82629986678
82630019870
82630046051
82630116032
82630142334
82630156202
82630181015
82630215274
82630248519
82630280770
82630314002
82630383681
82630408932
82630422903
82630455620
82630480537
82630522042
82630555206
82630587813
82630622349
82630655431
82630680328
82630722936
82630748748
82630789538
82630822913
82630858351
82630891389
82630916429
82630955666
82631017476
82631031100
82631082057
82631122262
82631150289
82631189119
82631220077
82631234393
82631286557
82631323012
82631361766
82631393176
82631421207
82631460039
82631492299
82631521754
82631558762
82631584626
82631598284
82631624081
82631684932
82631698419
82631722983
82631755651
82631788397
82631821059
82631862289
82631895230
82631920209
82631961015
82631994072
82632027221
82632061140
82632120267
82632155587
82632183537
82632197377
82632231657
82632257653
82632298485
82632331598
82632357194
82632399302
82632424963
82632458791
82632499907
82632524490
82632566744
82632592424
82632626619
82632667783
82632692864
82632725716
82632768389
82632793009
82632834204
82632867941
82632894345
82632937802
82632962334
82632995766
82633028545
82633061848
82633104325
82633129006
82633162611
82633204725
82633229880
82633263594
82633303523
82633333776
82633378391
82633403183
82633464575
82633501016
82633532486
82633546470
82633599499
82633633242
82633669521
82633694879
82633708454
82633734489
82633767966
82633802235
82633835669
82633870459
82633903840
82633937453
82633970679
82634003661
82634036881
82634069705
82634102543
82634135716
82634168803
82634200699
82634232378
82634273355
82634306680
82634340205
82634373228
82634406456
82634439483
82634472579
82634505827
82634539010
82634572259
82634605598
82634638717
82634672422
82634704288
82634736243
82634768484
82634809793
82634843038
82634875389
82634908172
82634940980
82634974842
82635007973
82635040974
82635074035
82635107187
82635139974
82635173176
82635205816
82635246633
82635279177
82635311147
82635344049
82635377716
82635411385
82635444744
82635478160
82635511475
82635544777
82635578149
82635611112
82635643641
82635676968
82635709960
82635743309
82635783998
82635808881
82635842232
82635883408
82635915566
82635941191
82635982756
82636015458
82636048878
82636082460
82636115652
82636149338
82636182528
82636215470
82636248207
82636282055
82636315642
82636371110
82636393867
82636419938
82636454333
82636488851
82636514361
82636557152
82636582605
82636616595
82636650069
82636683916
82636718158
82636751662
82636784368
82636817241
82636850874
82636883487
82636916373
82636949440
82636982105
82637015075
82637055303
82637087928
82637121157
82637154235
82637187261
82637221058
82637255090
82637287934
82637321969
82637355647
82637388689
82637422467
82637455815
82637489000
82637522182
82637556637
82637591433
82637624158
82637657262
82637690706
82637724529
82637758742
82637791658
82637823962
82637857090
82637890240
82637923570
82637956690
82637990063
82638022880
82638055783
82638088711
82638120535
82638152176
82638193684
82638226817
82638259777
82638292480
82638325707
82638358927
82638392030
82638424944
82638457875
82638490746
82638523510
82638564077
82638589789
82638623716
82638657297
82638691214
82638725045
82638758999
82638793998
82638829195
82638862525
82638895811
82638930949
82638963697
82638996989
82639031897
82639057899
82639100183
82639125935
82639158986
82639199248
82639231358
82639263919
82639296485
82639329254
82639363568
82639397092
82639430657
82639464040
82639497380
82639530794
82639563963
82639597248
82639630878
82639664193
82639697347
82639731326
82639764927
82639798697
82639832389
82639866730
82639900354
82639933714
82639968750
82640002747
82640036511
82640069724
82640104123
82640128637
82640171763
82640196256
82640231427
82640265634
82640299209
82640333640
82640367162
82640401381
82640435462
82640469580
82640503151
82640536852
82640571742
82640604893
82640637440
82640670590
82640702920
82640735464
82640768108
82640800343
82640832407
82640875178
82640907263
82640939612
82640973314
82641005879
82641039759
82641072898
82641106438
82641139749
82641172660
82641206157
82641239569
82641273089
82641306938
82641342253
82641375922
82641410451
82641444841
82641471318
82641512896
82641539314
82641572974
82641607296
82641640700
82641673635
82641706583
82641739655
82641772580
82641806819
82641840911
82641874489
82641908059
82641941502
82641974894
82642008732
82642042190
82642076253
82642109686
82642142849
82642175833
82642208890
82642242252
82642275513
82642316204
82642341119
82642374047
82642414535
82642447511
82642479982
82642512976
82642545914
82642578910
82642611847
82642644946
82642678158
82642711212
82642752008
82642776930
82642809334
82642851149
82642884083
82642909315
82642951004
82642983764
82643016661
82643050114
82643083292
82643116607
82643149921
82643182661
82643216081
82643248799
82643282339
82643315174
82643350787
82643385258
82643418775
82643452819
82643486527
82643520100
82643553827
82643587138
82643620835
82643653896
82643687167
82643720462
82643754352
82643787843
82643821621
82643854966
82643888712
82643922708
82643956451
82643980911
82644022593
82644056328
82644089396
82644122480
82644155778
82644188778
82644221873
82644255098
82644288172
82644321783
82644355287
82644388475
82644421688
82644454801
82644488326
82644521486
82644554979
82644588140
82644622808
82644656182
82644688813
82644721509
82644754512
82644795649
82644820814
82644853901
82644895248
82644920644
82644954758
82644996398
82645022773
82645064107
82645089051
82645120220
82645160715
82645193872
82645227127
82645260665
82645293809
82645326808
82645361956
82645394471
82645427128
82645461342
82645494124
82645526973
82645560041
82645592434
82645624775
82645656603
82645697883
82645730830
82645763328
82645796329
82645829040
82645864293
82645897125
82645929987
82645963505
82645996732
82646029306
82646062284
82646095531
82646136083
82646161447
82646194576
82646235870
82646261345
82646295482
82646329179
82646363922
82646397295
82646430650
82646464618
82646498441
82646531260
82646563841
82646596515
82646630201
82646670940
82646696493
82646728736
82646770345
82646803635
82646828653
82646869876
82646903401
82646935732
82646968276
82647001457
82647034165
82647067133
82647100248
82647132915
82647164558
82647206019
82647238911
82647272001
82647305060
82647338983
82647371913
82647404464
82647437817
82647471082
82647503686
82647537094
82647570434
82647603256
82647636481
82647669111
82647702336
82647743605
82647776144
82647801348
82647842956
82647875971
82647901641
82647943405
82647969341
82648010683
82648044639
82648071530
82648105990
82648139473
82648173523
82648208024
82648242693
82648277576
82648312670
82648341567
82648377792
82648412806
82648439006
82648481518
82648507656
82648549472
82648575395
82648610920
82648645959
82648679912
82648714253
82648749416
82648786756
82648847749
82648884029
82648914279
82648943591
82648982476
82649011690
82649040836
82649076970
82649090445
82649119123
82649147858
82649184631
82649213002
82649281479
82649310156
82649326069
82649353230
82649382426
82649418232
82649447512
82649481146
82649514581
82649548168
82649581256
82649614886
82649648647
82649683027
82649716981
82649750157
82649777218
82649820936
82649845898
82649889225
82649913752
82649946992
82649987831
82650019995
82650044515
82650085998
82650118954
82650151805
82650184339
82650216864
82650248721
82650280612
82650312503
82650353218
82650386861
82650420201
82650453737
82650487342
82650520408
82650553398
82650586252
82650619410
82650654423
82650687154
82650720011
82650752715
82650785701
82650819097
82650852261
82650886212
82650919283
82650959973
82650985596
82651018829
82651059740
82651085133
82651118997
82651160052
82651185418
82651226906
82651259843
82651285426
82651327054
82651360410
82651385798
82651426975
82651461722
82651495092
82651528308
82651553486
82651594587
82651627807
82651659768
82651692855
82651725405
82651760128
82651794521
82651827582
82651860807
82651894637
82651927721
82651962254
82651995897
82652030257
82652063645
82652089809
82652131115
82652164459
82652191445
82652224716
82652258844
82652300204
82652325971
82652359694
82652393331
82652426451
82652460472
82652503406
82652529920
82652573662
82652602663
82652627087
82652671881
82652698519
82652725695
82652770583
82652796901
82652839083
82652868456
82652894835
82652936949
82652965540
82653003792
82653039953
82653069151
82653101943
82653134700
82653168310
82653201027
82653234191
82653268568
82653303587
82653339371
82653372025
82653404098
82653436425
82653469972
82653502924
82653536538
82653570041
82653603586
82653637044
82653671035
82653703864
82653737805
82653770666
82653804140
82653837816
82653870802
82653905304
82653939453
82653972244
82654005130
82654038467
82654071247
82654104692
82654138043
82654171579
82654204845
82654237980
82654272219
82654305487
82654340358
82654373479
82654408707
82654442910
82654476341
82654501961
82654542437
82654575090
82654607528
82654640511
82654673933
82654707186
82654740369
82654774183
82654807241
82654840751
82654874086
82654907220
82654940803
82654974160
82655009058
82655046458
82655080340
82655105957
82655139287
82655180390
82655204823
82655245197
82655278353
82655311552
82655344961
82655378298
82655411637
82655444931
82655478306
82655511514
82655544762
82655578005
82655611385
82655644549
82655677013
82655708833
82655740995
82655782180
82655817164
82655842842
82655884939
82655909925
82655951548
82655984643
82656009738
82656050760
82656086420
82656112377
82656145906
82656180180
82656213638
82656247402
82656282075
82656316090
82656349622
82656384891
82656418912
82656451728
82656484552
82656517978
82656551140
82656584273
82656617392
82656650508
82656685227
82656718631
82656751433
82656784921
82656818396
82656851784
82656884881
82656917788
82656951905
82656986481
82657020891
82657055022
82657088431
82657121436
82657154939
82657182327
82657225516
82657250515
82657292184
82657317064
82657350402
82657392088
82657416681
82657449863
82657490334
82657523195
82657556192
82657590113
82657623936
82657657808
82657690738
82657724410
82657759677
82657785668
82657827409
82657860370
82657886578
82657927946
82657959916
82657985872
82658026799
82658059249
82658091594
82658124765
82658158205
82658192433
82658225558
82658258899
82658298016
82658322419
82658364412
82658389466
82658423672
82658457493
82658492437
82658528632
82658563112
82658589498
82658632957
82658657558
82658691705
82658734440
82658760768
82658793984
82658827387
82658860742
82658895544
82658929672
82658964416
82658997568
82659030256
82659063971
82659097529
82659131302
82659164496
82659197858
82659231411
82659264573
82659297536
82659330280
82659369403
82659398499
82659467287
82659499948
82659544649
82659597579
82659644880
82659679726
82659712255
82659739965
82659764774
82659795698
82659827601
82659857811
82659878072
82659907498
82659935445
82659965737
82659997951
82660030026
82660060993
82660075126
82660100477
82660133137
82660167936
82660202379
82660235687
82660270065
82660303942
82660338584
82660371890
82660397329
82660440552
82660466490
82660508583
82660533936
82660566768
82660608063
82660634383
82660667907
82660709614
82660734971
82660775889
82660808100
82660840151
82660873344
82660907977
82660940164
82660973763
82661007771
82661040829
82661075934
82661103136
82661138749
82661172587
82661207796
82661241016
82661274329
82661307450
82661340949
82661376407
82661413158
82661439946
82661474535
82661510055
82661546761
82661582756
82661608372
82661641666
82661674789
82661707940
82661741195
82661774412
82661807723
82661847805
82661880134
82661905640
82661946350
82661978970
82662011818
82662044998
82662078420
82662111507
82662144734
82662177830
82662210816
82662243380
82662276155
82662308870
82662341220
82662382906
82662416016
82662448493
82662481461
82662514408
82662547389
82662580308
82662613694
82662647424
82662680281
82662713341
82662746620
82662779700
82662812458
82662844991
82662877174
82662917850
82662950674
82662983294
82663016003
82663048797
82663081808
82663114790
82663147394
82663188472
82663213383
82663247029
82663316017
82663344944
82663383450
82663420992
82663451126
82663488787
82663518383
82663547777
82663587162
82663618282
82663647353
82663683622
82663705790
82663756440
82663786040
82663810646
82663866908
82663890903
82663974787
82663988319
82664015622
82664076966
82664107412
82664133894
82664177220
82664216859
82664277112
82664322274
82664377233
82664414846
82664476284
82664506525
82664576641
82664606862
82664657234
82664717482
82664775796
82664806509
82664877229
82664929272
82664977460
82665035538
82665089225
82665151146
82665190218
82665267888
82665321289
82665392608
82665439936
82665517661
82665591929
82665635668
82665706698
82665793239
82665855546
82665904574
82666013207
82666073232
82666165222
82666244504
82666332128
82666422493
82666486985
82666577373
82666656079
82666721722
82666825063
82666894138
82667016177
82667089218
82667181298
82667269210
82667352552
82667457227
82667576847
82667657237
82667765139
82667867176
82667969222
82668077249
82668193822
82668305994
82668408436
82668501702
82668606717
82668741398
82668849941
82668937470
82669045259
82669157224
82669288259
82669369267
82669486519
82669589605
82669705234
82669786928
82669891820
82670023081
82670140101
82670241209
82670356505
82670458279
82670569616
82670709270
82670828945
82670933230
82671052346
82671157316
82671276020
82671373227
82671489289
82671576836
82671705268
82671807684
82671905248
82672021216
82672173283
82672289000
82672383575
82672490844
82672605309
82672707512
82672805282
82672914375
82673030194
82673137504
82673258154
82673365782
82673472083
82673573229
82673692950
82673795137
82673905307
82674021257
82674133225
82674221271
82674344954
82674449589
82674554675
82674661690
82674756989
82674858868
82674989240
82675110522
82675224171
82675301335
82675417315
82675525287
82675641367
82675748274
82675849261
82675964314
82676065263
82676172682
82676279753
82676373285
82676478756
82676605306
82676723959
82676833588
82676928006
82677033604
82677156107
82677261902
82677368517
82677469317
82677587195
82677691335
82677785196
82677901960
82678005264
82678119048
82678234185
82678325317
82678437343
82678557447
82678636074
82678766356
82678883944
82678981267
82679090236
82679197303
82679324818
82679402545
82679517246
82679633967
82679765994
82679849271
82679935415
82680065053
82680165350
82680281565
82680397457
82680487366
82680620433
82680729344
82680813257
82680933461
82681038960
82681149221
82681269859
82681373220
82681487164
82681597528
82681704299
82681789130
82681920096
82682025887
82682133667
82682240501
82682352594
82682458975
82682565243
82682661887
82682804195
82682907198
82683019484
82683130046
82683217239
82683325202
82683446368
82683550018
82683641273
82683749826
82683869260
82683988764
82684088662
82684203183
82684330862
82684413293
82684521456
82684628413
82684738039
82684850649
82684964437
82685054263
82685083865
82685113547
82685141257
82685170896
82685200533
82685214132
82685243822
82685272766
82685298030
82685322563
82685336361
82685362460
82685386937
82685400674
82685432331
82685464304
82685497439
82685530363
82685563685
82685597488
82685630901
82685664032
82685700064
82685734434
82685767111
82685799996
82685833237
82685867136
82685901691
82685927394
82685969847
82685994591
82686036757
82686061440
82686094671
82686135908
82686169040
82686194249
82686235805
82686268880
82686301577
82686341120
82686371596
82686405888
82686431219
82686464505
82686505381
82686530270
82686571937
82686605502
82686631071
82686672328
82686704765
82686737123
82686769981
82686802851
82686836061
82686869223
82686902221
82686934972
82686967828
82687000488
82687040390
82687072643
82687105365
82687138111
82687170926
82687203809
82687237824
82687270512
82687303200
82687335872
82687376669
82687408668
82687440502
82687474866
82687508816
82687533739
82687574956
82687607741
82687641942
82687674899
82687709514
82687743624
82687770496
82687805373
82687840831
82687874449
82687907310
82687940186
82687973131
82688006241
82688039309
82688072428
82688105408
82688138687
82688180214
82688212924
82688238187
82688281819
82688309387
82688342587
82688376592
82688411934
82688444692
82688477118
82688510107
82688543325
82688576129
82688608814
82688642094
82688674827
82688715854
82688748972
82688773845
82688816277
82688849564
82688875337
82688917157
82688942502
82688984056
82689017673
82689042592
82689083775
82689116483
82689149159
82689181575
82689214082
82689246882
82689279514
82689312379
82689353096
82689380029
82689414987
82689449428
82689483093
82689516732
82689549900
82689582847
82689615882
82689648641
82689681920
82689715396
82689748780
82689781919
82689815668
